Concentration ranges are not specified
---------------------------------------------------------------------------------------------
Calculating derivative structures for index n= 1 to  7
Volume       CPU        #HNFs  #SNFs    #reduced    % dups      volTot      RunTot
   1         0.8099        1     1         1        0.0000           3           3
   2         0.8059        3     1         1        0.6667           4           7
   3         0.8049        4     1         2        0.5000          20          27
   4         0.8099        7     2         3        0.5714          78         105
   5         0.8109        6     1         2        0.6667         192         297
   6         0.8279       12     1         3        0.7500         944        1241
   7         0.8949        8     1         3        0.6250        2350        3591
---------------------------------------------------------------------------------------------
