Ac:DAV:  35    -0.107566434114E+02    0.91782E-06   -0.15226E-08   408   0.861E-04
Ac-Ac:DAV:  11     0.236831432189E+03    0.35352E-06   -0.35753E-08   648   0.145E-03
Ac:AcDAV:   2    -0.307134625888E+01    0.47492E-06   -0.15142E-07   728   0.351E-03
Ac:-AcDAV:   2    -0.307134630732E+01    0.47446E-06   -0.14949E-07   728   0.351E-03
Ac-Ac:AcDAV:  49     0.244512250593E+03   -0.49147E-07   -0.70692E-07   552   0.525E-03
Ac-Ac:Ac-AcDAV:   4     0.492104217668E+03    0.22116E-06   -0.77503E-06  1304   0.196E-02
Ca_sv:DAV:   8    -0.159406693919E+02    0.84246E-06   -0.29149E-07   520   0.273E-03
Ca_sv-Ca_sv:DAV:   4     0.509986763123E+02    0.37733E-06   -0.20659E-06   776   0.774E-03
Ca_sv:Ca_svDAV:   2    -0.134400892343E+02   -0.73273E-07   -0.26415E-06   640   0.299E-03
Ca_sv:-Ca_svDAV:   3    -0.134400894241E+02    0.96445E-06   -0.68104E-06   648   0.555E-03
Ca_sv-Ca_sv:Ca_svDAV:   5     0.534980371477E+02    0.85026E-07   -0.18505E-06   608   0.407E-03
Ca_sv-Ca_sv:Ca_sv-Ca_svDAV:   5     0.120440792140E+03   -0.41356E-06   -0.21578E-07   800   0.295E-03
Eu:DAV:   5    -0.209122782260E+02    0.16852E-06   -0.75488E-06   560   0.129E-02
Eu-Eu:DAV:  27     0.162843404098E+03   -0.28037E-06   -0.40693E-09   792   0.337E-04
Eu:EuDAV:   4    -0.233832412789E+02    0.93850E-07   -0.28523E-06   928   0.949E-03
Eu:-EuDAV:   6    -0.233832404876E+02    0.97138E-06   -0.16816E-06   848   0.875E-03
Eu-Eu:EuDAV:  25     0.160372389589E+03    0.43788E-06   -0.13171E-06  1016   0.489E-03
Eu-Eu:Eu-EuDAV:   8     0.344128580895E+03    0.80181E-06   -0.20902E-06  1304   0.125E-02
H.75:DAV:   4    -0.196981497641E+02   -0.49164E-06   -0.27871E-08   352   0.174E-03
H.75-H.75:DAV:   3    -0.227791824845E+02    0.54030E-06   -0.92464E-08   552   0.121E-03
H.75:H.75DAV:   2    -0.209549093154E+02   -0.57071E-09   -0.75107E-08   504   0.909E-04
H.75:-H.75DAV:   8    -0.209549088555E+02   -0.23230E-06   -0.13483E-08   536   0.479E-04
H.75-H.75:H.75DAV:   7    -0.240358945531E+02   -0.42050E-06   -0.13202E-06   584   0.491E-03
H.75-H.75:H.75-H.75DAV:   6    -0.271168925009E+02   -0.16551E-06   -0.29009E-08   560   0.774E-04
Lu_3:DAV:   5    -0.183848054049E+02   -0.89696E-06   -0.10747E-06   464   0.134E-02
Lu_3-Lu_3:DAV:   7     0.103469476062E+03   -0.58021E-06   -0.11132E-07   712   0.791E-03
Lu_3:Lu_3DAV:   4    -0.183283474094E+02   -0.35285E-07   -0.30788E-07   632   0.123E-02
Lu_3:-Lu_3DAV:   4    -0.183283467505E+02    0.71743E-06   -0.24498E-06   848   0.192E-02
Lu_3-Lu_3:Lu_3DAV:   9     0.103525934389E+03   -0.62420E-06   -0.83210E-07   648   0.188E-02
Lu_3-Lu_3:Lu_3-Lu_3DAV:   9     0.225380271038E+03    0.28136E-06   -0.33651E-07   872   0.166E-02
Np:DAV:  84    -0.294584208685E+02    0.45724E-06   -0.13692E-08   280   0.853E-04
Np-Np:DAV:   7     0.176002007468E+03    0.23938E-08   -0.29377E-07   608   0.586E-03
Np:NpDAV:   4    -0.404755771162E+02   -0.97164E-07   -0.57833E-07   576   0.771E-03
Np:-NpDAV:   4    -0.404755756663E+02    0.36106E-06   -0.24829E-06   696   0.103E-02
Np-Np:NpDAV:  27     0.164984618222E+03   -0.48651E-06   -0.70862E-07   720   0.854E-03
Np-Np:Np-NpDAV:   5     0.370445520463E+03   -0.23710E-06   -0.87810E-06  1640   0.351E-02
Pr_3:DAV:   8    -0.168744234483E+02   -0.25723E-06   -0.58878E-08   504   0.161E-03
Pr_3-Pr_3:DAV:  76     0.167249426691E+03   -0.12391E+01    0.75085E+01   960   0.510E+01    0.608E+01
Pr_3:Pr_3DAV:   2    -0.153075843381E+02    0.18712E-06   -0.63576E-06   800   0.103E-02
Pr_3:-Pr_3DAV:   4    -0.153075847714E+02    0.64935E-07   -0.79670E-08   624   0.173E-03
Pr_3-Pr_3:Pr_3DAV:  31    -0.733465712711E+03   -0.81887E-06   -0.91743E-08   520   0.193E-03
Pr_3-Pr_3:Pr_3-Pr_3DAV:  85     0.561151550522E+03   -0.16712E+03   -0.46436E+03  1536   0.405E+02    0.148E+02
Si_h:DAV:   3    -0.228837518703E+02    0.21201E-07   -0.10487E-07   584   0.150E-03
Si_h-Si_h:DAV:   5     0.175117702715E+02    0.38936E-07   -0.16754E-07   528   0.272E-03
Si_h:Si_hDAV:   2    -0.273263842337E+02    0.85481E-06   -0.76397E-07   552   0.600E-03
Si_h:-Si_hDAV:   2    -0.273263837040E+02    0.90204E-06   -0.73190E-07   544   0.589E-03
Si_h-Si_h:Si_hDAV:   8     0.130655555886E+02   -0.14757E-06   -0.32599E-07   512   0.351E-03
Si_h-Si_h:Si_h-Si_hDAV:   4     0.534643049683E+02    0.11443E-06   -0.62131E-07   376   0.631E-03
Tm:DAV:  50    -0.187366135292E+12   -0.10050E+12   -0.18737E+12  1112   0.435E+02    0.123E+01
Tm-Tm:DAV:  23     0.209062952037E+03    0.13250E-06   -0.68484E-08   800   0.657E-03
Tm:TmDAV:   7    -0.256883545284E+02    0.27576E-06   -0.24160E-06   720   0.491E-02
Tm:-TmDAV:  10    -0.256883295056E+02    0.10641E-07   -0.31612E-07   624   0.200E-02
Tm-Tm:TmDAV:  23     0.205439993525E+03   -0.22666E-06   -0.11507E-06  1536   0.227E-02
Tm-Tm:Tm-TmDAV:   4     0.436568586573E+03   -0.64381E-06   -0.62535E-06  2560   0.294E-02
Ac_s:DAV:  31    -0.101799268591E+02    0.31288E-07   -0.62769E-08   424   0.206E-03
Ac_s-Ac_s:DAV:   7     0.280508768420E+03    0.60291E-06   -0.10636E-06   840   0.791E-03
Ac_s:Ac_sDAV:  32    -0.191861098425E+01   -0.21739E-06   -0.74640E-08   608   0.228E-03
Ac_s:-Ac_sDAV:  23    -0.191864354249E+01   -0.73374E-06   -0.20511E-07   672   0.326E-03
Ac_s-Ac_s:Ac_sDAV:  42     0.288769744465E+03   -0.18871E-06   -0.45960E-08   528   0.187E-03
Ac_s-Ac_s:Ac_s-Ac_sDAV:   8     0.579458915403E+03   -0.51864E-06   -0.27344E-06  1192   0.178E-02
Cd:DAV:   5    -0.176035920234E+02    0.38096E-08   -0.45872E-07   536   0.358E-03
Cd-Cd:DAV:   2     0.118010312427E+03   -0.25285E-06   -0.55541E-07   624   0.430E-03
Cd:CdDAV:   4    -0.167659177660E+02   -0.56637E-06   -0.76679E-07   672   0.401E-03
Cd:-CdDAV:   4    -0.167659135867E+02   -0.31979E-06   -0.61921E-07   672   0.367E-03
Cd-Cd:CdDAV:  15     0.118847452494E+03   -0.86633E-06   -0.14256E-07   824   0.169E-03
Cd-Cd:Cd-CdDAV:   4     0.254463560697E+03   -0.17182E-07   -0.22798E-06   880   0.620E-03
Eu_2:DAV:   2    -0.167772580672E+02    0.57894E-07   -0.36038E-07   528   0.456E-03
Eu_2-Eu_2:DAV:  18     0.994287986698E+02   -0.11448E-06   -0.14708E-07   400   0.474E-03
Eu_2:Eu_2DAV:   5    -0.151131162852E+02    0.18057E-06   -0.44559E-06   464   0.146E-02
Eu_2:-Eu_2DAV:   5    -0.151131120466E+02    0.56340E-06   -0.67634E-07   432   0.127E-02
Eu_2-Eu_2:Eu_2DAV:   9     0.101093497275E+03    0.24249E-07   -0.37228E-07   744   0.644E-03
Eu_2-Eu_2:Eu_2-Eu_2DAV:  39     0.217299029319E+03   -0.77832E-06   -0.12661E-07   576   0.439E-03
He:DAV:   2    -0.184355536580E+02    0.67978E-08   -0.39274E-09   544   0.289E-04
He-He:DAV:   2    -0.163008270323E+02    0.64711E-09   -0.11422E-09   552   0.169E-04
He:HeDAV:   2    -0.184298569841E+02    0.11040E-07   -0.78764E-09   560   0.466E-04
He:-HeDAV:   2    -0.184298567883E+02    0.69024E-08   -0.75821E-09   568   0.452E-04
He-He:HeDAV:   2    -0.162951330100E+02    0.56371E-07   -0.55533E-08   520   0.122E-03
He-He:He-HeDAV:   2    -0.141604107461E+02    0.38506E-09   -0.48078E-08   480   0.140E-03
Mg:DAV:   3    -0.181184406098E+02    0.45769E-06   -0.36606E-07   528   0.173E-03
Mg-Mg:DAV:   2     0.929503625981E+01    0.18208E-06   -0.29990E-07   600   0.160E-03
Mg:MgDAV:  17    -0.177955631953E+02   -0.44214E-06   -0.18131E-07   512   0.187E-03
Mg:-MgDAV:  18    -0.177955625214E+02    0.31037E-06   -0.50357E-08   440   0.133E-03
Mg-Mg:MgDAV:  43     0.961798327126E+01   -0.37575E-06   -0.37869E-08   480   0.894E-04
Mg-Mg:Mg-MgDAV:   2     0.370317297090E+02    0.64180E-07   -0.18942E-07   584   0.221E-03
Np_s:DAV:  34    -0.293130546044E+02    0.48792E-07   -0.37486E-08   320   0.216E-03
Np_s-Np_s:DAV: 100     0.157460540179E+03    0.16448E-03   -0.80468E-06   872   0.230E-02
Np_s:Np_sDAV:   4    -0.401848449636E+02    0.10719E-06   -0.21492E-06   680   0.107E-02
Np_s:-Np_sDAV:   5    -0.401848421796E+02    0.15962E-06   -0.30088E-06   752   0.177E-02
Np_s-Np_s:Np_sDAV:  25     0.146593758982E+03   -0.38710E-06   -0.17658E-07   648   0.434E-03
Np_s-Np_s:Np_s-Np_sDAV:  46     0.333372406524E+03    0.86605E-06   -0.10175E-07   640   0.289E-03
Pt:DAV:   6    -0.233064998558E+02   -0.53127E-06   -0.29334E-07   424   0.464E-03
Pt-Pt:DAV:   5     0.943874172044E+02   -0.85871E-07   -0.57311E-08   688   0.197E-03
Pt:PtDAV:   4    -0.281680694291E+02    0.19101E-06   -0.10337E-07   656   0.211E-03
Pt:-PtDAV:   5    -0.281680687666E+02    0.25304E-06   -0.15203E-07   616   0.324E-03
Pt-Pt:PtDAV:  23     0.894989778547E+02   -0.44718E-06   -0.15542E-07   576   0.250E-03
Pt-Pt:Pt-PtDAV:  10     0.207216712660E+03   -0.31342E-06   -0.73362E-08   696   0.175E-03
Sm:       N       E                     dE             d eps       ncg     rms          rms(c)
Sm-Sm:       N       E                     dE             d eps       ncg     rms          rms(c)
Sm:Sm       N       E                     dE             d eps       ncg     rms          rms(c)
Sm:-Sm       N       E                     dE             d eps       ncg     rms          rms(c)
Sm-Sm:Sm       N       E                     dE             d eps       ncg     rms          rms(c)
Sm-Sm:Sm-Sm       N       E                     dE             d eps       ncg     rms          rms(c)
Tm_3:DAV:  10    -0.183191009064E+02    0.20148E-06   -0.24516E-07   528   0.525E-03
Tm_3-Tm_3:DAV:  42     0.107723642385E+03   -0.11139E-06   -0.11388E-07   704   0.174E-03
Tm_3:Tm_3DAV:   4    -0.181969099690E+02   -0.25385E-07   -0.12267E-07   744   0.200E-03
Tm_3:-Tm_3DAV:   4    -0.181969085915E+02   -0.21663E-07   -0.96517E-08   752   0.165E-03
Tm_3-Tm_3:Tm_3DAV:  10     0.107845751265E+03   -0.17648E-06   -0.13569E-06   712   0.843E-03
Tm_3-Tm_3:Tm_3-Tm_3DAV:   5     0.233888548152E+03    0.43342E-06   -0.37663E-07   832   0.723E-03
Ag:DAV:   5    -0.199779837216E+02    0.32709E-06   -0.15576E-06   592   0.745E-03
Ag-Ag:DAV:   7     0.878904814949E+02   -0.16758E-06   -0.13331E-07   632   0.226E-03
Ag:AgDAV:   7    -0.215147119194E+02    0.94902E-06   -0.10935E-07   600   0.200E-03
Ag:-AgDAV:   7    -0.215147122785E+02    0.17159E-06   -0.81955E-08   600   0.174E-03
Ag-Ag:AgDAV:  10     0.863485408287E+02   -0.82689E-06   -0.79155E-07   704   0.431E-03
Ag-Ag:Ag-AgDAV:   7     0.194222295781E+03    0.36247E-07   -0.20546E-07   744   0.248E-03
Ce:DAV:  27    -0.209995600942E+02    0.44495E-06   -0.16907E-08   304   0.761E-04
Ce-Ce:DAV:  33     0.199466232044E+03   -0.96241E-07   -0.38564E-08   584   0.105E-03
Ce:CeDAV:   5    -0.235570942924E+02    0.56471E-07   -0.13686E-06   568   0.106E-02
Ce:-CeDAV:   4    -0.235570936189E+02   -0.28391E-06   -0.25325E-06   688   0.839E-03
Ce-Ce:CeDAV:  22     0.196906374344E+03   -0.33516E-06   -0.11934E-07   720   0.209E-03
Ce-Ce:Ce-CeDAV:   8     0.417373767440E+03   -0.11349E-06   -0.47786E-07   672   0.457E-03
F:DAV:   8    -0.194059796577E+02   -0.50306E-06   -0.24801E-08   472   0.122E-03
F-F:DAV:   4    -0.124256570728E+02    0.91803E-07   -0.64259E-07   560   0.604E-03
F:FDAV:   8    -0.203181221056E+02   -0.47406E-06   -0.62760E-08   464   0.142E-03
F:-FDAV:   8    -0.203181213584E+02   -0.68969E-06   -0.60880E-08   464   0.135E-03
F-F:FDAV:   8    -0.134335846127E+02   -0.71206E-06   -0.34965E-08   584   0.139E-03
F-F:F-FDAV:   4    -0.641059239658E+01   -0.57848E-07   -0.20368E-07   696   0.320E-03
Hf:DAV:   5    -0.249638159135E+02    0.44878E-06   -0.43959E-07   472   0.278E-03
Hf-Hf:DAV:   7    -0.170949173843E+02   -0.35655E-06   -0.80472E-08   536   0.150E-03
Hf:HfDAV:   4    -0.314863558901E+02    0.90887E-06   -0.56823E-07   528   0.311E-03
Hf:-HfDAV:   5    -0.314863564440E+02   -0.43192E-06   -0.64789E-07   536   0.361E-03
Hf-Hf:HfDAV:   7    -0.236248679737E+02   -0.52331E-06   -0.89274E-07   488   0.480E-03
Hf-Hf:Hf-HfDAV:   6    -0.157478605963E+02   -0.25618E-07   -0.55149E-07   464   0.888E-03
Mg_pv:DAV:  44    -0.181718390241E+02   -0.50685E-06   -0.98414E-09   504   0.538E-04
Mg_pv-Mg_pv:DAV:  20     0.126994760938E+02    0.49965E-06   -0.12051E-08   496   0.704E-04
Mg_pv:Mg_pvDAV:  21    -0.179017976351E+02   -0.13158E-06   -0.10804E-08   360   0.692E-04
Mg_pv:-Mg_pvDAV:   5    -0.179018014884E+02   -0.11313E-06   -0.89213E-08   424   0.281E-03
Mg_pv-Mg_pv:Mg_pvDAV:  16     0.129693807775E+02    0.59037E-06   -0.16296E-07   616   0.218E-03
Mg_pv-Mg_pv:Mg_pv-Mg_pvDAV:   2     0.438400975814E+02    0.56696E-06   -0.22433E-06   616   0.489E-03
N_s:DAV:   6    -0.213719361517E+02   -0.55224E-06   -0.10104E-07   520   0.193E-03
N_s-N_s:DAV:   2    -0.291735237896E+02   -0.64088E-06   -0.24088E-07   560   0.301E-03
N_s:N_sDAV:   8    -0.242929325905E+02   -0.61011E-06   -0.30310E-08   544   0.111E-03
N_s:-N_sDAV:   8    -0.242929327088E+02   -0.40340E-06   -0.32612E-08   544   0.111E-03
N_s-N_s:N_sDAV:   9    -0.321354580366E+02    0.39418E-07   -0.12598E-07   408   0.347E-03
N_s-N_s:N_s-N_sDAV:   5    -0.399042724239E+02   -0.11030E-06   -0.88363E-08   704   0.263E-03
Pu:DAV:  46    -0.313099782078E+02   -0.35623E-07   -0.10656E-08   256   0.661E-04
Pu-Pu:DAV:  38     0.165408256396E+03   -0.19817E-06   -0.22544E-08   480   0.153E-03
Pu:PuDAV:   8    -0.441773606489E+02   -0.22333E-06   -0.28850E-07   504   0.432E-03
Pu:-PuDAV:   2    -0.441773609805E+02    0.80493E-06   -0.37011E-06   720   0.127E-02
Pu-Pu:PuDAV:  18     0.152539892138E+03    0.41712E-06   -0.15220E-06  1104   0.103E-02
Pu-Pu:Pu-PuDAV:   6     0.349258023786E+03   -0.38285E-06   -0.61611E-06  1744   0.182E-02
Sm_3:DAV:   9    -0.180961883432E+02   -0.75811E-06   -0.10810E-07   512   0.225E-03
Sm_3-Sm_3:DAV:   7    -0.610842478935E+02   -0.44140E-07   -0.51647E-08   640   0.133E-03
Sm_3:Sm_3DAV:   6    -0.177510976901E+02   -0.32699E-06   -0.65058E-07   704   0.543E-03
Sm_3:-Sm_3DAV:   6    -0.177510969296E+02   -0.40974E-06   -0.68347E-07   704   0.561E-03
Sm_3-Sm_3:Sm_3DAV:   8    -0.607412981455E+02    0.42124E-06   -0.74428E-06   856   0.201E-02
Sm_3-Sm_3:Sm_3-Sm_3DAV:  11    -0.103724956625E+03   -0.94746E-06   -0.68861E-06   696   0.220E-03
U:DAV:   3    -0.267849335129E+02    0.74344E-06   -0.20397E-06   464   0.937E-03
U-U:DAV:  21     0.212837549787E+03   -0.12759E-06   -0.14312E-08   584   0.109E-03
U:UDAV:  15    -0.351285203634E+02    0.26546E-06   -0.62474E-07   632   0.555E-03
U:-UDAV:   6    -0.351285196286E+02   -0.43051E-06   -0.89970E-07   688   0.920E-03
U-U:UDAV:  18     0.204493258304E+03   -0.62483E-06   -0.19525E-06   936   0.638E-03
U-U:U-UDAV: 100     0.337735027607E+03   -0.15036E+01   -0.30760E-01  2128   0.554E+00
Al:DAV:   2    -0.212131969239E+02    0.12788E-06   -0.26862E-07   528   0.179E-03
Al-Al:DAV:   2     0.183520645850E+02    0.27267E-07   -0.19195E-07   584   0.210E-03
Al:AlDAV:   2    -0.239844763871E+02    0.25653E-09   -0.29530E-08   472   0.876E-04
Al:-AlDAV:   2    -0.239844763050E+02    0.27580E-09   -0.29699E-08   480   0.883E-04
Al-Al:AlDAV:  11     0.155808698727E+02    0.63521E-06   -0.35729E-07   480   0.236E-03
Al-Al:Al-AlDAV:   2     0.551463108280E+02    0.72564E-06   -0.24017E-06   472   0.711E-03
Ce_3:DAV:  12    -0.160120026252E+02   -0.23007E-06   -0.43752E-07   536   0.340E-03
Ce_3-Ce_3:DAV:   4     0.170025538238E+03   -0.60316E+01   -0.60202E+01  1008   0.295E+01
Ce_3:Ce_3DAV:   2    -0.135826980024E+02   -0.89422E-07   -0.50772E-07   680   0.301E-03
Ce_3:-Ce_3DAV:   4    -0.135826986260E+02    0.10359E-08   -0.15786E-07   656   0.235E-03
Ce_3-Ce_3:Ce_3DAV:   5     0.164118168277E+03   -0.53081E+00   -0.47379E+00  1152   0.787E+00    0.586E+01
Ce_3-Ce_3:Ce_3-Ce_3DAV:   4     0.382769062569E+03   -0.23653E+02   -0.23386E+02  1280   0.554E+01
Fe:DAV: 100    -0.246244124350E+02   -0.10472E+00   -0.12667E-03   648   0.247E-01
Fe-Fe:DAV:  10    -0.111933811539E+02    0.71208E-07   -0.13854E-07   312   0.327E-03
Fe:FeDAV:  10    -0.304154433735E+02   -0.78045E-07   -0.73699E-08   280   0.238E-03
Fe:-FeDAV:  14    -0.304154422952E+02   -0.46556E-06   -0.11751E-07   288   0.312E-03
Fe-Fe:FeDAV:  19    -0.171806349161E+02   -0.98961E-06   -0.11135E-07   568   0.279E-03
Fe-Fe:Fe-FeDAV:   5    -0.394541923396E+01    0.55842E-06   -0.16622E-06   624   0.733E-03
Hf_pv:DAV:   2    -0.246712541611E+02   -0.20176E-07   -0.44398E-06   536   0.401E-03
Hf_pv-Hf_pv:DAV:   3     0.939705359516E+02    0.78177E-06   -0.13706E-06   768   0.709E-03
Hf_pv:Hf_pvDAV:   4    -0.309012268829E+02    0.18085E-08   -0.15601E-07   696   0.205E-03
Hf_pv:-Hf_pvDAV:   3    -0.309012252598E+02    0.68991E-06   -0.76739E-06   688   0.456E-03
Hf_pv-Hf_pv:Hf_pvDAV:   7     0.877387954233E+02    0.25339E-06   -0.94286E-07   624   0.352E-03
Hf_pv-Hf_pv:Hf_pv-Hf_pvDAV:   3     0.206382887493E+03    0.71075E-06   -0.71058E-06  1184   0.152E-02
Mn:DAV:   7    -0.251711532813E+02   -0.46383E-06   -0.17412E-06   576   0.710E-03
Mn-Mn:DAV:   6    -0.186923228516E+02   -0.22184E-06   -0.11604E-07   368   0.403E-03
Mn:MnDAV:  15    -0.319005244933E+02   -0.33421E-06   -0.11512E-07   264   0.384E-03
Mn:-MnDAV:  10    -0.319005240104E+02   -0.46695E-06   -0.23360E-07   272   0.427E-03
Mn-Mn:MnDAV:  20    -0.254217863240E+02    0.78708E-07   -0.52106E-08   552   0.198E-03
Mn-Mn:Mn-MnDAV:   6    -0.189430295844E+02   -0.35762E-06   -0.46700E-07   552   0.586E-03
O:DAV:   8    -0.203212468135E+02   -0.12820E-06   -0.13679E-08   408   0.579E-04
O-O:DAV:  10    -0.213075075575E+02   -0.76597E-06   -0.39475E-08   504   0.835E-04
O:ODAV:  15    -0.221739189454E+02   -0.86134E-06   -0.29811E-08   536   0.670E-04
O:-ODAV:   7    -0.221739181685E+02   -0.27086E-06   -0.32694E-08   472   0.115E-03
O-O:ODAV:  10    -0.232252413549E+02   -0.65846E-06   -0.16178E-07   600   0.239E-03
O-O:O-ODAV:   5    -0.241725911885E+02   -0.42182E-06   -0.79474E-08   656   0.193E-03
Pu_s:DAV:  27    -0.311233432493E+02   -0.17911E-06   -0.48129E-08   264   0.213E-03
Pu_s-Pu_s:DAV:  61     0.145441041384E+03    0.25919E-06   -0.13089E-08   456   0.945E-04
Pu_s:Pu_sDAV:   4    -0.438054209428E+02    0.11382E-06   -0.17763E-06   608   0.149E-02
Pu_s:-Pu_sDAV:   9    -0.438054194348E+02   -0.64606E-06   -0.89756E-07   592   0.655E-03
Pu_s-Pu_s:Pu_sDAV:  26     0.132758907787E+03    0.14658E-06   -0.11405E-07   816   0.268E-03
Pu_s-Pu_s:Pu_s-Pu_sDAV:  52     0.309322515393E+03    0.32869E-06   -0.54100E-08  1016   0.142E-03
Sn:DAV:   9    -0.179468208974E+02    0.83701E-06   -0.48724E-08   568   0.113E-03
Sn-Sn:DAV:  10     0.127211070360E+03   -0.27419E-06   -0.55676E-08   600   0.136E-03
Sn:SnDAV:   4    -0.174517983327E+02    0.71145E-06   -0.75803E-07   512   0.537E-03
Sn:-SnDAV:   5    -0.174517836675E+02    0.64658E-06   -0.11703E-06   520   0.544E-03
Sn-Sn:SnDAV:  13     0.127706583706E+03    0.28655E-06   -0.16263E-07   432   0.198E-03
Sn-Sn:Sn-SnDAV:  29     0.272869846166E+03   -0.33910E-06    0.18131E-06   400   0.972E-05
U_s:DAV:   2    -0.266585178287E+02    0.29527E-06   -0.36214E-06   432   0.787E-03
U_s-U_s:DAV:  47     0.195367131079E+03    0.62984E-06   -0.16929E-06   800   0.485E-03
U_s:U_sDAV:  27    -0.348758101282E+02    0.94717E-06   -0.11218E-07   456   0.221E-03
U_s:-U_sDAV:   5    -0.348756569820E+02   -0.43519E-07   -0.75582E-07   584   0.789E-03
U_s-U_s:U_sDAV:  16     0.187149682676E+03   -0.78169E-06   -0.10923E-06   912   0.941E-03
U_s-U_s:U_s-U_sDAV:   6     0.409175507638E+03    0.13586E-06   -0.77952E-07   976   0.898E-03
Al_h:DAV:  33    -0.215143936073E+02    0.11217E-06   -0.32940E-09   328   0.249E-04
Al_h-Al_h:DAV:  10     0.102466999643E+02   -0.35632E-06   -0.60204E-08   408   0.117E-03
Al_h:Al_hDAV:   5    -0.245854661955E+02   -0.41609E-06   -0.30523E-08   352   0.132E-03
Al_h:-Al_hDAV:   6    -0.245854313438E+02   -0.50444E-06   -0.18393E-07   352   0.367E-03
Al_h-Al_h:Al_hDAV: 100     0.724113399563E+01    0.56057E-02   -0.82016E-05   768   0.253E-02
Al_h-Al_h:Al_h-Al_hDAV:  15     0.389350475821E+02    0.94735E-06    0.98434E-06   352   0.105E-03
C_h:DAV:   6    -0.219726134145E+02   -0.50180E-06   -0.33969E-07   472   0.302E-03
C_h-C_h:DAV:   2    -0.364752132262E+02    0.25743E-06   -0.10892E-07   536   0.252E-03
C_h:C_hDAV:   9    -0.255021722534E+02    0.10027E-06   -0.73964E-08   536   0.154E-03
C_h:-C_hDAV:   9    -0.255021736567E+02   -0.94153E-07   -0.51221E-08   560   0.111E-03
C_h-C_h:C_hDAV:   5    -0.400072132334E+02   -0.42374E-06   -0.21339E-07   528   0.458E-03
C_h-C_h:C_h-C_hDAV:   2    -0.545090765316E+02    0.30510E-07   -0.56974E-08   616   0.173E-03
Fe_pv:DAV:   4    -0.245802449568E+02   -0.30632E-06   -0.20085E-07   504   0.390E-03
Fe_pv-Fe_pv:DAV:   9     0.113248396229E+01   -0.90085E-06   -0.11769E-07   664   0.373E-03
Fe_pv:Fe_pvDAV:  10    -0.307186235353E+02    0.67903E-06   -0.86624E-08   528   0.246E-03
Fe_pv:-Fe_pvDAV: 100    -0.144565402459E+04    0.59387E+02   -0.45580E+01  1160   0.136E+01
Fe_pv-Fe_pv:Fe_pvDAV:  17    -0.500714529622E+01    0.29837E-07   -0.10178E-07   584   0.353E-03
Fe_pv-Fe_pv:Fe_pv-Fe_pvDAV:   8     0.207062361210E+02    0.18060E-06   -0.59120E-07  1008   0.797E-03
Hg:DAV:   8    -0.161650078596E+02   -0.41811E-06   -0.48498E-08   480   0.144E-03
Hg-Hg:DAV:   5     0.187331947257E+03   -0.41931E-06   -0.27605E-07   616   0.247E-03
Hg:HgDAV:   7    -0.138884771886E+02   -0.40042E-06   -0.19693E-06   648   0.725E-03
Hg:-HgDAV:   9    -0.138884752734E+02    0.72978E-07   -0.17442E-08   576   0.950E-04
Hg-Hg:HgDAV:   9     0.189608571540E+03    0.77736E-07   -0.70248E-08   840   0.150E-03
Hg-Hg:Hg-HgDAV:   2     0.393105691315E+03    0.99953E-06   -0.63236E-06  1112   0.600E-03
Mn_pv:DAV:  14    -0.253119876812E+02   -0.75834E-06   -0.34423E-08   520   0.114E-03
Mn_pv-Mn_pv:DAV:  14    -0.925767422669E+00   -0.64000E-06   -0.59852E-08   640   0.193E-03
Mn_pv:Mn_pvDAV:   5    -0.321822094617E+02   -0.55288E-07   -0.77981E-07   584   0.111E-02
Mn_pv:-Mn_pvDAV:  54    -0.252412733805E+05   -0.14557E+05   -0.25201E+05  1040   0.607E+01    0.245E+01
Mn_pv-Mn_pv:Mn_pvDAV:   7    -0.779597904753E+01   -0.65647E-06   -0.49126E-07   712   0.894E-03
Mn_pv-Mn_pv:Mn_pv-Mn_pvDAV:   4     0.165902505315E+02    0.36765E-06   -0.54080E-07   920   0.660E-03
O_h:DAV:   8    -0.201008481728E+02   -0.15518E-06   -0.10846E-08   520   0.523E-04
O_h-O_h:DAV:   6    -0.206515711697E+02   -0.22986E-07   -0.94323E-09   512   0.723E-04
O_h:O_hDAV:   9    -0.217342160757E+02   -0.44787E-06   -0.11334E-07   456   0.269E-03
O_h:-O_hDAV:   8    -0.217341716931E+02    0.99554E-07   -0.11255E-07   432   0.301E-03
O_h-O_h:O_hDAV:   8    -0.223497534325E+02   -0.16547E-06   -0.62227E-08   712   0.171E-03
O_h-O_h:O_h-O_hDAV:   5    -0.228619846084E+02   -0.14105E-06   -0.67196E-08   656   0.192E-03
Rb_pv:DAV:   9    -0.126836564249E+02   -0.26505E-06   -0.50178E-08   480   0.109E-03
Rb_pv-Rb_pv:DAV:   5     0.129406259879E+03   -0.30969E-06   -0.63422E-08   552   0.180E-03
Rb_pv:Rb_pvDAV:   8    -0.692487706895E+01   -0.23770E-06   -0.45551E-07   432   0.434E-03
Rb_pv:-Rb_pvDAV:   7    -0.692487789481E+01   -0.43811E-06   -0.13577E-06   488   0.775E-03
Rb_pv-Rb_pv:Rb_pvDAV:   9     0.135165290180E+03    0.59902E-06   -0.54191E-07   712   0.303E-03
Rb_pv-Rb_pv:Rb_pv-Rb_pvDAV:   6     0.277255604731E+03    0.67691E-06   -0.18473E-06   656   0.672E-03
Sn_d:DAV:   4    -0.181544379136E+02    0.51013E-06   -0.62148E-07   464   0.599E-03
Sn_d-Sn_d:DAV:   5     0.118718522012E+03   -0.36535E-06   -0.68687E-08   656   0.221E-03
Sn_d:Sn_dDAV:   7    -0.178683287951E+02   -0.53653E-07   -0.26307E-07   560   0.362E-03
Sn_d:-Sn_dDAV:   7    -0.178683280918E+02   -0.14860E-06   -0.13450E-07   568   0.298E-03
Sn_d-Sn_d:Sn_dDAV:   7     0.119003723971E+03    0.59074E-06   -0.53832E-07   776   0.542E-03
Sn_d-Sn_d:Sn_d-Sn_dDAV:   6     0.255876373095E+03    0.40326E-06   -0.46717E-07  1056   0.385E-03
V:DAV:   5    -0.253565887839E+02    0.18484E-06   -0.25677E-07   552   0.340E-03
V-V:DAV:   3    -0.226468104065E+02    0.42094E-06   -0.13933E-06   576   0.141E-02
V:VDAV:   2    -0.322717726522E+02   -0.82606E-06   -0.79450E-06   520   0.102E-02
V:-VDAV:   5    -0.322717696975E+02   -0.43880E-07   -0.91773E-08   256   0.287E-03
V-V:VDAV:  35    -0.295632941001E+02    0.91540E-06   -0.64023E-08   280   0.151E-03
V-V:V-VDAV:   4    -0.268517971957E+02    0.66401E-06   -0.11411E-06   736   0.102E-02
Ar:DAV:   3    -0.159982343944E+02    0.11874E-06   -0.43852E-08   528   0.124E-03
Ar-Ar:DAV:  29     0.384079554535E+02   -0.82398E-07   -0.49709E-06   552   0.872E-03
Ar:ArDAV:   3    -0.135549049959E+02    0.54023E-06   -0.19950E-07   512   0.305E-03
Ar:-ArDAV:   3    -0.135549048642E+02    0.14296E-06   -0.76281E-08   528   0.195E-03
Ar-Ar:ArDAV:  98     0.408506710695E+02   -0.47335E-06   -0.39992E-08   640   0.788E-04
Ar-Ar:Ar-ArDAV:  24     0.952581743291E+02   -0.14858E-06   -0.25389E-07   504   0.120E-03
Cl:DAV:   4    -0.192151312757E+02   -0.20317E-06   -0.59466E-08   520   0.132E-03
Cl-Cl:DAV:  29     0.178426389878E+02   -0.93252E-06   -0.58461E-08   456   0.158E-03
Cl:ClDAV:   4    -0.199884878288E+02   -0.77550E-06   -0.21957E-07   472   0.329E-03
Cl:-ClDAV:  10    -0.199884878812E+02   -0.69411E-07   -0.34291E-08   480   0.133E-03
Cl-Cl:ClDAV:   5     0.170571148106E+02    0.69931E-07   -0.61620E-07   760   0.348E-03
Cl-Cl:Cl-ClDAV:   5     0.541254165710E+02    0.21237E-06   -0.25725E-07   624   0.325E-03
F_h:DAV:   7    -0.188344855394E+02   -0.45320E-06   -0.27123E-08   480   0.127E-03
F_h-F_h:DAV:  31    -0.112576406326E+02   -0.17726E-06   -0.30990E-07   576   0.290E-03
F_h:F_hDAV:   6    -0.191756392129E+02   -0.52132E-06   -0.75806E-08   560   0.256E-03
F_h:-F_hDAV:   6    -0.191756702907E+02   -0.52921E-07   -0.22137E-08   416   0.121E-03
F_h-F_h:F_hDAV:  13    -0.116937498578E+02   -0.44002E-06   -0.87155E-08   672   0.152E-03
F_h-F_h:F_h-F_hDAV:   2    -0.407658140358E+01    0.13709E-06   -0.23449E-06   872   0.856E-03
H_h:DAV:   2    -0.195336525847E+02    0.44720E-06   -0.26239E-06   352   0.897E-03
H_h-H_h:DAV:   2    -0.235494152182E+02    0.52952E-08   -0.53488E-09   552   0.325E-04
H_h:H_hDAV:   2    -0.206240838912E+02    0.12743E-06   -0.15705E-08   496   0.487E-04
H_h:-H_hDAV:   2    -0.206240839919E+02    0.13061E-06   -0.15903E-08   504   0.490E-04
H_h-H_h:H_hDAV:   4    -0.246415033506E+02    0.88397E-06   -0.11875E-06   576   0.502E-03
H_h-H_h:H_h-H_hDAV:   2    -0.286575819483E+02    0.80183E-08   -0.43285E-09   584   0.247E-04
Mo:DAV:   4    -0.267519060694E+02   -0.49558E-06   -0.11204E-07   544   0.223E-03
Mo-Mo:DAV:   3     0.103353526911E+01    0.13174E-06   -0.23387E-07   552   0.266E-03
Mo:MoDAV:   6    -0.350621826561E+02   -0.22737E-06   -0.11496E-07   368   0.194E-03
Mo:-MoDAV:   6    -0.350621831406E+02    0.62872E-06   -0.37984E-07   392   0.329E-03
Mo-Mo:MoDAV:  12    -0.727991679402E+01   -0.52278E-08   -0.42131E-07   728   0.270E-03
Mo-Mo:Mo-MoDAV:   2     0.205088886643E+02    0.12442E-06   -0.48813E-07   688   0.282E-03
Os:DAV:  10    -0.271403758584E+02    0.78188E-06   -0.46723E-08   480   0.164E-03
Os-Os:DAV:   4     0.604420470967E+02   -0.47618E-06   -0.56923E-07   512   0.581E-03
Os:OsDAV:   7    -0.358375614718E+02    0.36683E-07   -0.15881E-07   272   0.384E-03
Os:-OsDAV:   6    -0.358375616157E+02   -0.15743E-06   -0.10689E-07   280   0.251E-03
Os-Os:OsDAV:  12     0.517217241694E+02   -0.25108E-06   -0.18176E-07   552   0.292E-03
Os-Os:Os-OsDAV:   4     0.139326162608E+03    0.93721E-06   -0.61972E-07   696   0.514E-03
Rb_sv:DAV:   8    -0.132762525875E+02   -0.31792E-06   -0.70338E-08   544   0.142E-03
Rb_sv-Rb_sv:DAV:  26     0.108451236202E+03   -0.52450E-06   -0.30344E-07   744   0.257E-03
Rb_sv:Rb_svDAV:   6    -0.811018862050E+01   -0.71638E-07   -0.28788E-07   704   0.234E-03
Rb_sv:-Rb_svDAV:   6    -0.811018808937E+01   -0.41479E-06   -0.18448E-06   656   0.625E-03
Rb_sv-Rb_sv:Rb_svDAV:   8     0.113615721171E+03    0.16908E-06   -0.12742E-06   632   0.497E-03
Rb_sv-Rb_sv:Rb_sv-Rb_svDAV:   4     0.235343726396E+03    0.48146E-06   -0.36041E-07   896   0.332E-03
Sr_sv:DAV:  11    -0.142029588351E+02   -0.18844E-06   -0.52282E-08   488   0.115E-03
Sr_sv-Sr_sv:DAV:  28     0.116656546521E+03   -0.97926E-06   -0.49114E-08   744   0.100E-03
Sr_sv:Sr_svDAV:   5    -0.996451258519E+01    0.15099E-06   -0.15977E-07   728   0.188E-03
Sr_sv:-Sr_svDAV:   5    -0.996451254547E+01    0.80604E-09   -0.52877E-08   672   0.127E-03
Sr_sv-Sr_sv:Sr_svDAV:  29     0.120895052137E+03    0.54735E-07   -0.30034E-07   624   0.317E-03
Sr_sv-Sr_sv:Sr_sv-Sr_svDAV:   5     0.251754850887E+03   -0.25500E-07   -0.36841E-07   776   0.345E-03
V_pv:DAV:  60    -0.254718337590E+02    0.80972E-06   -0.16170E-08   424   0.906E-04
V_pv-V_pv:DAV:  16     0.278691770986E+01   -0.95338E-06   -0.95013E-08   680   0.116E-03
V_pv:V_pvDAV:   5    -0.325022418171E+02   -0.59082E-06   -0.11284E-06   696   0.895E-03
V_pv:-V_pvDAV:   8    -0.325022405144E+02   -0.36179E-06   -0.12258E-07   656   0.199E-03
V_pv-V_pv:V_pvDAV:  49    -0.424465170304E+01    0.92106E-07   -0.16933E-07   488   0.252E-03
V_pv-V_pv:V_pv-V_pvDAV:   2     0.240166249034E+02    0.21583E-06   -0.16873E-06   816   0.106E-02
As:DAV:   4    -0.216689499034E+02    0.30750E-07   -0.42509E-07   544   0.316E-03
As-As:DAV:   2     0.524083063245E+02    0.55277E-06   -0.58998E-06   544   0.805E-03
As:AsDAV:   2    -0.248958318844E+02    0.27144E-08   -0.50077E-08   456   0.119E-03
As:-AsDAV:   2    -0.248958317777E+02   -0.58321E-10   -0.24921E-08   480   0.906E-04
As-As:AsDAV:   7     0.491790406538E+02   -0.94410E-07   -0.15802E-06   512   0.473E-03
As-As:As-AsDAV:   4     0.123258848581E+03    0.77916E-07   -0.35052E-08   640   0.895E-04
Cl_h:DAV:   4    -0.192087031776E+02   -0.67060E-06   -0.12405E-07   512   0.201E-03
Cl_h-Cl_h:DAV:   5     0.183860445728E+02    0.30420E-06   -0.48522E-07   560   0.492E-03
Cl_h:Cl_hDAV:  10    -0.199756397494E+02   -0.94745E-06   -0.18956E-07   496   0.243E-03
Cl_h:-Cl_hDAV:  10    -0.199756393169E+02   -0.70560E-06   -0.16064E-07   520   0.223E-03
Cl_h-Cl_h:Cl_hDAV:   6     0.176058947060E+02    0.57763E-06   -0.13507E-06   784   0.547E-03
Cl_h-Cl_h:Cl_h-Cl_hDAV:  18     0.552122252100E+02   -0.11949E-06   -0.10829E-07   624   0.793E-04
F_s:DAV:   6    -0.194015602525E+02   -0.33633E-06   -0.18562E-08   456   0.133E-03
F_s-F_s:DAV:   9    -0.123184423378E+02    0.10010E-06   -0.29432E-08   496   0.157E-03
F_s:F_sDAV:   6    -0.203089925047E+02   -0.33986E-06   -0.18517E-08   440   0.142E-03
F_s:-F_sDAV:   6    -0.203089907083E+02   -0.73703E-06   -0.49057E-08   544   0.222E-03
F_s-F_s:F_sDAV:  10    -0.133209813332E+02   -0.83282E-06   -0.31956E-08   616   0.147E-03
F_s-F_s:F_s-F_sDAV:   2    -0.619558045344E+01    0.21266E-07   -0.68657E-07   616   0.645E-03
Ho_3:DAV:   6    -0.183428451379E+02    0.58643E-06   -0.23340E-07   480   0.264E-03
Ho_3-Ho_3:DAV:   2     0.124392180309E+03    0.17754E-07   -0.30741E-06   856   0.158E-02
Ho_3:Ho_3DAV:   4    -0.182438708214E+02    0.93789E-06   -0.10418E-06   808   0.587E-03
Ho_3:-Ho_3DAV:  18    -0.182438468940E+02   -0.71964E-06   -0.15743E-07   624   0.389E-03
Ho_3-Ho_3:Ho_3DAV:  25     0.124490218872E+03    0.46525E-06   -0.35716E-08   656   0.250E-03
Ho_3-Ho_3:Ho_3-Ho_3DAV:   9     0.267225633564E+03    0.48576E-06   -0.26955E-07   904   0.617E-03
Mo_pv:DAV:   9    -0.265509884499E+02   -0.33574E-06   -0.19019E-08   496   0.934E-04
Mo_pv-Mo_pv:DAV:   3     0.796994602697E+02    0.51647E-06   -0.13450E-06   752   0.114E-02
Mo_pv:Mo_pvDAV:   4    -0.346603852494E+02    0.75443E-09   -0.61286E-08   656   0.154E-03
Mo_pv:-Mo_pvDAV:   6    -0.346603869699E+02   -0.75625E-06   -0.14368E-07   680   0.281E-03
Mo_pv-Mo_pv:Mo_pvDAV:  29     0.715867345590E+02    0.51690E-06   -0.17038E-06   944   0.454E-03
Mo_pv-Mo_pv:Mo_pv-Mo_pvDAV:   4     0.177840668717E+03    0.75504E-06   -0.23876E-06  1328   0.961E-03
O_s:DAV:  10    -0.203585695704E+02   -0.71581E-06   -0.66895E-08   496   0.181E-03
O_s-O_s:DAV:   2    -0.212298642993E+02   -0.21019E-06   -0.99111E-08   480   0.242E-03
O_s:O_sDAV:   6    -0.222486502044E+02   -0.43781E-06   -0.17572E-08   576   0.123E-03
O_s:-O_sDAV:   9    -0.222486502985E+02    0.14313E-07   -0.28787E-08   432   0.156E-03
O_s-O_s:O_sDAV:   8    -0.231843898189E+02   -0.74565E-06   -0.34528E-07   632   0.402E-03
O_s-O_s:O_s-O_sDAV:   4    -0.240179414205E+02   -0.72877E-06   -0.14192E-06   816   0.860E-03
Re:DAV:  39    -0.281840667298E+02    0.24513E-06   -0.99888E-07   480   0.932E-03
Re-Re:DAV:  21     0.339076794290E+02    0.73660E-06   -0.35891E-07   600   0.600E-03
Re:ReDAV:   7    -0.379258288626E+02    0.80676E-06   -0.25639E-07   376   0.166E-02
Re:-ReDAV:  12    -0.379258288463E+02   -0.31550E-06   -0.25128E-07   344   0.142E-02
Re-Re:ReDAV:   8     0.241519671447E+02    0.25009E-06   -0.65053E-07   624   0.214E-02
Re-Re:Re-ReDAV:   4     0.862567570520E+02   -0.24581E-07   -0.91115E-07   768   0.219E-02
Ta:DAV:   7    -0.271685386274E+02   -0.11039E-06   -0.12108E-07   552   0.204E-03
Ta-Ta:DAV:   4    -0.393718023687E+01    0.82486E-07   -0.90079E-07   536   0.439E-03
Ta:TaDAV:   4    -0.358956487128E+02    0.26260E-06   -0.72609E-08   464   0.199E-03
Ta:-TaDAV:   4    -0.358956484927E+02    0.15566E-06   -0.79184E-08   480   0.197E-03
Ta-Ta:TaDAV:   8    -0.126732803297E+02   -0.78944E-06   -0.84600E-07   496   0.426E-03
Ta-Ta:Ta-TaDAV:   5     0.105669291243E+02    0.27689E-06   -0.96634E-07   664   0.447E-03
V_sv:DAV: 100    -0.274780911676E+02    0.15171E+02   -0.96015E+01   720   0.458E+00
V_sv-V_sv:DAV:   4     0.726708137836E+01    0.10450E-06   -0.67077E-07   680   0.781E-03
V_sv:V_svDAV:   4    -0.325668943435E+02   -0.50753E-07   -0.88148E-07   520   0.665E-03
V_sv:-V_svDAV:  20    -0.325668944539E+02    0.62270E-06   -0.63676E-08   384   0.104E-03
V_sv-V_sv:V_svDAV:  25     0.203340587163E+00    0.17219E-06   -0.18484E-08   696   0.545E-04
V_sv-V_sv:V_sv-V_svDAV:   3     0.329764686220E+02    0.13102E-06   -0.12421E-06  1032   0.107E-02
Au:DAV:  11    -0.204085889470E+02    0.43881E-06   -0.13197E-07   504   0.171E-03
Au-Au:DAV:  11     0.131829716306E+03   -0.31629E-06   -0.25858E-08   656   0.108E-03
Au:AuDAV:   5    -0.223759278609E+02   -0.41874E-06   -0.35527E-07   600   0.314E-03
Au:-AuDAV:   9    -0.223759278013E+02   -0.19186E-06   -0.95815E-08   560   0.178E-03
Au-Au:AuDAV:   5     0.129853593535E+03    0.90772E-07   -0.13039E-07   536   0.268E-03
Au-Au:Au-AuDAV:  10     0.282101617847E+03   -0.67656E-07   -0.34004E-07   760   0.207E-03
Co:DAV:  20    -0.235482634707E+02    0.38207E-06   -0.34083E-08   504   0.151E-03
Co-Co:DAV:   3    -0.367031457964E+01    0.25895E-06   -0.57446E-07   664   0.820E-03
Co:CoDAV:   9    -0.286545692469E+02   -0.28120E-07   -0.40356E-07   616   0.458E-03
Co:-CoDAV:   9    -0.286545682151E+02    0.13290E-07   -0.22726E-06   600   0.121E-02
Co-Co:CoDAV:  19    -0.877854402498E+01    0.92532E-06   -0.67901E-06   728   0.242E-02
Co-Co:Co-CoDAV:   4     0.111011868905E+02    0.24257E-06   -0.44824E-07   816   0.407E-03
Ga:DAV:   2    -0.205724706294E+02    0.82737E-08   -0.24078E-08   496   0.515E-04
Ga-Ga:DAV:   5     0.266245444337E+02   -0.14403E-06   -0.16621E-08   520   0.763E-04
Ga:GaDAV:   2    -0.227030026524E+02    0.48626E-07   -0.50003E-08   448   0.957E-04
Ga:-GaDAV:   2    -0.227030025617E+02    0.49884E-07   -0.51705E-08   448   0.974E-04
Ga-Ga:GaDAV:   6     0.244880990997E+02   -0.67309E-06   -0.32418E-07   432   0.384E-03
Ga-Ga:Ga-GaDAV:   4     0.716938838005E+02   -0.18026E-06   -0.88077E-07   496   0.651E-03
I:DAV:   2    -0.130382420125E+02    0.27185E-07   -0.92155E-08   552   0.157E-03
I-I:DAV:   4     0.215840287677E+03    0.59218E-07   -0.32744E-07   576   0.322E-03
I:IDAV:   5    -0.763355670417E+01    0.11797E-06   -0.61051E-08   408   0.167E-03
I:-IDAV:   8    -0.763355625806E+01    0.16559E-06   -0.20277E-07   496   0.224E-03
I-I:IDAV:   5     0.221239600840E+03    0.63141E-06   -0.14049E-06   840   0.422E-03
I-I:I-IDAV:   4     0.450124445849E+03    0.12862E-07   -0.40592E-07   616   0.287E-03
N:DAV:   6    -0.213536543848E+02   -0.20021E-06   -0.41114E-07   496   0.328E-03
N-N:DAV:   6    -0.292342264345E+02   -0.99581E-07   -0.14556E-08   528   0.100E-03
N:NDAV:   6    -0.242564939157E+02   -0.23690E-06   -0.84226E-07   448   0.585E-03
N:-NDAV:   6    -0.242564941735E+02   -0.47765E-06   -0.57456E-07   496   0.496E-03
N-N:NDAV:  44    -0.321781677648E+02    0.29851E-06   -0.29088E-07   400   0.313E-03
N-N:N-NDAV:   4    -0.400261121969E+02    0.24405E-06   -0.13228E-06   720   0.632E-03
Os_pv:DAV:   7    -0.270757588015E+02   -0.34316E-06   -0.86941E-08   536   0.334E-03
Os_pv-Os_pv:DAV:   4     0.133814330333E+03   -0.68594E-06   -0.74197E-07   728   0.535E-03
Os_pv:Os_pvDAV:   8    -0.357083162407E+02   -0.12662E-06   -0.10771E-07   672   0.287E-03
Os_pv:-Os_pvDAV:   6    -0.357083202306E+02    0.64436E-06   -0.15204E-06   824   0.776E-03
Os_pv-Os_pv:Os_pvDAV:  32     0.125162859264E+03   -0.69784E-06   -0.28147E-07   736   0.209E-03
Os_pv-Os_pv:Os_pv-Os_pvDAV:   7     0.286070155467E+03   -0.34527E-06   -0.53925E-07   936   0.486E-03
Ta_pv:DAV:   6    -0.269698915103E+02   -0.50851E-06   -0.79165E-08   552   0.205E-03
Ta_pv-Ta_pv:DAV: 100     0.872096672069E+02    0.15636E+01   -0.29423E+00   976   0.340E+00
Ta_pv:Ta_pvDAV:   6    -0.354983891480E+02    0.13672E-06   -0.13134E-07   680   0.212E-03
Ta_pv:-Ta_pvDAV:   5    -0.354983909316E+02   -0.65688E-06   -0.11582E-06   744   0.590E-03
Ta_pv-Ta_pv:Ta_pvDAV:   6     0.901410643422E+02    0.97774E-06   -0.58555E-07   552   0.326E-03
Ta_pv-Ta_pv:Ta_pv-Ta_pvDAV:   4     0.215796979272E+03    0.15296E-06   -0.19677E-07   736   0.241E-03
W:DAV:   5    -0.282738128375E+02   -0.62948E-06   -0.85669E-08   576   0.219E-03
W-W:DAV:   2     0.153010420342E+02    0.99185E-06   -0.18784E-06   528   0.703E-03
W:WDAV:   5    -0.381053809981E+02   -0.21903E-06   -0.10980E-07   544   0.270E-03
W:-WDAV:   4    -0.381053812222E+02   -0.73933E-06   -0.26918E-07   448   0.433E-03
W-W:WDAV:   5     0.546413462775E+01    0.59127E-07   -0.51631E-07   688   0.382E-03
W-W:W-WDAV:   4     0.490438940998E+02    0.94306E-06   -0.21748E-06   776   0.613E-03
B:DAV:   4    -0.217326236650E+02   -0.14553E-06   -0.40220E-07   552   0.413E-03
B-B:DAV:   5    -0.265577373266E+02   -0.18210E-06   -0.54159E-08   464   0.146E-03
B:BDAV:   7    -0.250235113449E+02   -0.82875E-07   -0.90685E-08   512   0.168E-03
B:-BDAV:  12    -0.250235113711E+02   -0.10669E-06   -0.20226E-08   496   0.963E-04
B-B:BDAV:  11    -0.298484984528E+02    0.29248E-06   -0.39509E-07   512   0.329E-03
B-B:B-BDAV:   4    -0.346734087373E+02   -0.56877E-06   -0.74411E-07   520   0.525E-03
Cr:DAV:   5    -0.256109823431E+02    0.23599E-06   -0.18035E-07   528   0.309E-03
Cr-Cr:DAV:   8    -0.219987430008E+02   -0.60186E-06   -0.95549E-08   416   0.313E-03
Cr:CrDAV:   5    -0.327805129569E+02   -0.18240E-06   -0.79830E-07   320   0.501E-03
Cr:-CrDAV:  16    -0.327805123093E+02    0.86956E-06   -0.16646E-07   264   0.226E-03
Cr-Cr:CrDAV:  40    -0.291682711053E+02    0.72500E-06   -0.78838E-07   752   0.283E-03
Cr-Cr:Cr-CrDAV:   5    -0.255560256183E+02   -0.19356E-06   -0.35565E-07   616   0.472E-03
Ga_d:DAV:   2    -0.207153887432E+02    0.39020E-06   -0.98658E-07   472   0.761E-03
Ga_d-Ga_d:DAV:   2     0.270685638896E+02   -0.41079E-06   -0.10703E-06   632   0.888E-03
Ga_d:Ga_dDAV:   3    -0.229893534178E+02    0.56842E-06   -0.19639E-06   688   0.655E-03
Ga_d:-Ga_dDAV:   3    -0.229893488985E+02    0.58997E-06   -0.20562E-06   664   0.676E-03
Ga_d-Ga_d:Ga_dDAV:   2     0.247873906007E+02    0.63697E-07   -0.12559E-07   904   0.101E-02
Ga_d-Ga_d:Ga_d-Ga_dDAV:   4     0.725804233937E+02   -0.86935E-07   -0.10098E-07   960   0.185E-03
In:DAV:   6    -0.181115467930E+02    0.80097E-06   -0.11318E-07   592   0.135E-03
In-In:DAV:   2     0.635874758649E+02   -0.76944E-08   -0.12028E-08   568   0.436E-04
In:InDAV:   4    -0.177820614515E+02    0.19046E-06   -0.78933E-07   496   0.512E-03
In:-InDAV:   6    -0.177820611737E+02    0.34011E-06   -0.62431E-08   448   0.148E-03
In-In:InDAV:   7     0.639159687522E+02    0.38357E-06   -0.13005E-06   584   0.388E-03
In-In:In-InDAV:   2     0.145615869841E+03   -0.31225E-07   -0.36298E-06   592   0.609E-03
Na:DAV:   7    -0.179576513083E+02   -0.41594E-06   -0.10611E-07   208   0.220E-03
Na-Na:DAV:   4    -0.903996106578E+01   -0.51748E-06   -0.18791E-07   560   0.181E-03
Na:NaDAV:   4    -0.174740773558E+02    0.92216E-07   -0.25550E-07   496   0.178E-03
Na:-NaDAV:   4    -0.174740778251E+02    0.91829E-07   -0.26282E-07   528   0.179E-03
Na-Na:NaDAV:   5    -0.856156377322E+01    0.15158E-06   -0.94255E-08   568   0.129E-03
Na-Na:Na-NaDAV:  10     0.361215867239E+00   -0.19772E-08   -0.16512E-08   504   0.653E-04
P:DAV:  16    -0.228259355877E+02    0.67985E-06   -0.11971E-08   560   0.679E-04
P-P:DAV:  59     0.115603174116E+02   -0.63316E-06   -0.11758E-07   520   0.924E-04
P:PDAV:   2    -0.272103646153E+02    0.75290E-06   -0.21139E-06   464   0.719E-03
P:-PDAV:   6    -0.272103622915E+02    0.25588E-06   -0.17683E-07   456   0.208E-03
P-P:PDAV:  11     0.716877665995E+01   -0.92815E-06   -0.22637E-07   480   0.198E-03
P-P:P-PDAV:   7     0.415628276880E+02    0.96102E-07   -0.50860E-07   664   0.408E-03
Re_pv:DAV:  10    -0.281368146679E+02    0.28477E-06   -0.92796E-08   528   0.645E-03
Re_pv-Re_pv:DAV:   4     0.125586891029E+03   -0.21499E-06   -0.62795E-07   728   0.108E-02
Re_pv:Re_pvDAV:   5    -0.378313631295E+02   -0.57299E-06   -0.47663E-07   640   0.177E-02
Re_pv:-Re_pvDAV:   2    -0.378313640052E+02   -0.37999E-06   -0.53383E-07   728   0.108E-02
Re_pv-Re_pv:Re_pvDAV:  10     0.115878661287E+03    0.30406E-07   -0.37320E-07   800   0.117E-02
Re_pv-Re_pv:Re_pv-Re_pvDAV:   4     0.269615170253E+03    0.40601E-07   -0.63188E-07  1072   0.141E-02
Tb_3:DAV:   2    -0.183635433343E+02    0.43711E-06   -0.26397E-06   560   0.647E-03
Tb_3-Tb_3:DAV:  11     0.121440960237E+03   -0.87577E-06   -0.32208E-07   696   0.265E-03
Tb_3:Tb_3DAV:   2    -0.182852547168E+02    0.78035E-09   -0.47863E-07   704   0.253E-03
Tb_3:-Tb_3DAV:   2    -0.182852565488E+02    0.11236E-07   -0.84695E-07   704   0.301E-03
Tb_3-Tb_3:Tb_3DAV:  17     0.121517611459E+03   -0.76484E-06   -0.67439E-06   816   0.119E-02
Tb_3-Tb_3:Tb_3-Tb_3DAV:   6     0.261323265799E+03   -0.74830E-06   -0.34339E-07   784   0.348E-03
W_pv:DAV:   4    -0.281077153650E+02   -0.12002E-06   -0.28685E-08   488   0.132E-03
W_pv-W_pv:DAV:   7     0.116314879201E+03   -0.52184E-07   -0.12204E-06   760   0.108E-02
W_pv:W_pvDAV:   5    -0.377732469691E+02    0.26472E-07   -0.27847E-08   640   0.140E-03
W_pv:-W_pvDAV:   4    -0.377732473586E+02    0.81437E-06   -0.20837E-07   704   0.347E-03
W_pv-W_pv:W_pvDAV:   7     0.106644660498E+03    0.58776E-06   -0.22204E-06  1000   0.926E-03
W_pv-W_pv:W_pv-W_pvDAV:   2     0.251071523049E+03    0.93304E-06   -0.43468E-06  1096   0.106E-02
Ba_sv:DAV:   4    -0.101743862380E+02    0.45405E-06   -0.17577E-06   616   0.874E-03
Ba_sv-Ba_sv:DAV: 100    -0.714252990026E+03   -0.28415E+01   -0.18132E-01  1176   0.204E+00
Ba_sv:Ba_svDAV:   5    -0.190727243237E+01    0.79912E-06   -0.28623E-07   696   0.288E-03
Ba_sv:-Ba_svDAV:   5    -0.190727205980E+01    0.55751E-06   -0.20786E-07   680   0.251E-03
Ba_sv-Ba_sv:Ba_svDAV:   9     0.239247124659E+03    0.20263E-06   -0.92901E-08   568   0.141E-03
Ba_sv-Ba_sv:Ba_sv-Ba_svDAV:   6     0.480401535153E+03   -0.54921E-06   -0.32113E-06   976   0.972E-03
Cr_pv:DAV: 100    -0.288378664740E+03    0.12855E+02   -0.20539E-02   816   0.100E+00
Cr_pv-Cr_pv:DAV:   7    -0.146599805347E+01   -0.17729E-06   -0.96650E-08   672   0.363E-03
Cr_pv:Cr_pvDAV:  24    -0.330311268757E+02   -0.50603E-06   -0.63158E-08   608   0.232E-03
Cr_pv:-Cr_pvDAV:  10    -0.330311241042E+02    0.36940E-07   -0.59176E-08   648   0.385E-03
Cr_pv-Cr_pv:Cr_pvDAV:  11    -0.876104054525E+01   -0.33849E-06   -0.97072E-07   752   0.178E-02
Cr_pv-Cr_pv:Cr_pv-Cr_pvDAV:   4     0.155092722647E+02    0.71872E-07   -0.12736E-06  1184   0.136E-02
Ga_h:DAV:   2    -0.205908578099E+02    0.25811E-06   -0.63751E-07   520   0.712E-03
Ga_h-Ga_h:DAV:   4     0.330040551162E+02   -0.87949E-06   -0.34628E-07   696   0.481E-03
Ga_h:Ga_hDAV:   2    -0.227402412946E+02    0.12689E-06   -0.30547E-07   632   0.541E-03
Ga_h:-Ga_hDAV:   2    -0.227402312837E+02    0.10480E-07   -0.73457E-08   576   0.233E-03
Ga_h-Ga_h:Ga_hDAV:   4     0.308485939271E+02    0.76865E-07   -0.12709E-07   816   0.385E-03
Ga_h-Ga_h:Ga_h-Ga_hDAV:   4     0.844503237138E+02   -0.62314E-06   -0.44359E-07  1040   0.459E-03
In_d:DAV:   4    -0.181535251086E+02   -0.31818E-06   -0.36715E-07   488   0.373E-03
In_d-In_d:DAV:  23     0.863564841920E+02    0.29268E-07   -0.63017E-08   728   0.211E-03
In_d:In_dDAV:  10    -0.178656347021E+02   -0.22870E-06   -0.15089E-07   608   0.240E-03
In_d:-In_dDAV:   7    -0.178649853506E+02   -0.10160E-06   -0.29010E-07   592   0.446E-03
In_d-In_d:In_dDAV:   8     0.866462688836E+02   -0.44586E-06   -0.38799E-06   992   0.126E-02
In_d-In_d:In_d-In_dDAV:  31     0.191158446040E+03   -0.79084E-06   -0.91284E-07  1104   0.213E-03
Na_pv:DAV:   6    -0.179616483115E+02   -0.52595E-06   -0.20957E-07   504   0.215E-03
Na_pv-Na_pv:DAV:  21    -0.178771871277E+01   -0.80267E-06   -0.11616E-08   456   0.517E-04
Na_pv:Na_pvDAV:   3    -0.174822088909E+02    0.60235E-06   -0.13662E-06   472   0.317E-03
Na_pv:-Na_pvDAV:   3    -0.174822061169E+02    0.65114E-06   -0.15158E-06   448   0.327E-03
Na_pv-Na_pv:Na_pvDAV:  10    -0.131102855636E+01    0.48763E-08   -0.57182E-07   648   0.315E-03
Na_pv-Na_pv:Na_pv-Na_pvDAV:  26     0.148658065764E+02   -0.18296E-06   -0.16574E-08   536   0.512E-04
Pa:DAV:   3    -0.229190487701E+02    0.50587E-06   -0.41342E-06   600   0.111E-02
Pa-Pa:DAV:  20     0.188997455409E+03   -0.15167E-06   -0.27981E-08   680   0.173E-03
Pa:PaDAV:   4    -0.273962630431E+02    0.31384E-06   -0.13941E-06   736   0.100E-02
Pa:-PaDAV:   4    -0.273962628280E+02    0.29535E-06   -0.29659E-06   896   0.137E-02
Pa-Pa:PaDAV:  10     0.184518450726E+03    0.53387E-06   -0.17215E-06  1024   0.175E-02
Pa-Pa:Pa-PaDAV:  10     0.396436419554E+03    0.93045E-07   -0.18959E-07   880   0.354E-03
Rh:DAV:   6    -0.238953745889E+02    0.50994E-06   -0.14430E-07   512   0.343E-03
Rh-Rh:DAV:   5     0.256812868456E+02   -0.50857E-07   -0.69325E-08   680   0.193E-03
Rh:RhDAV:   6    -0.293469805510E+02    0.66974E-06   -0.12213E-07   632   0.262E-03
Rh:-RhDAV:   5    -0.293469805978E+02   -0.55819E-06   -0.53710E-07   576   0.536E-03
Rh-Rh:RhDAV:   8     0.202016825292E+02    0.21111E-06   -0.16302E-06   696   0.745E-03
Rh-Rh:Rh-RhDAV:   4     0.698051717564E+02    0.85544E-06   -0.54412E-07   784   0.448E-03
Tc:DAV:   8    -0.263903572374E+02    0.21270E-06   -0.14121E-07   544   0.179E-03
Tc-Tc:DAV:  19     0.161414837309E+02    0.68889E-06   -0.89406E-08   616   0.117E-03
Tc:TcDAV:  10    -0.343387314386E+02   -0.24889E-06   -0.23969E-07   320   0.394E-03
Tc:-TcDAV:   6    -0.343387319538E+02   -0.35971E-08   -0.41084E-07   336   0.532E-03
Tc-Tc:TcDAV:  12     0.818645118173E+01   -0.95527E-06   -0.28838E-07   720   0.252E-03
Tc-Tc:Tc-TcDAV:  21     0.507242813072E+02    0.64495E-06   -0.13307E-08   624   0.622E-04
Xe:DAV:   4    -0.596783580828E+01   -0.52659E-06   -0.11608E-06   592   0.699E-03
Xe-Xe:DAV:   5     0.265228910127E+03   -0.27405E-06   -0.38553E-07   568   0.431E-03
Xe:XeDAV:   9     0.650564774608E+01   -0.17563E-06   -0.10199E-07   432   0.242E-03
Xe:-XeDAV:   7     0.650564865348E+01   -0.66260E-07   -0.20457E-07   480   0.391E-03
Xe-Xe:XeDAV:   6     0.277700666445E+03    0.99809E-07   -0.14630E-07   704   0.330E-03
Xe-Xe:Xe-XeDAV: 100     0.343548584511E+03   -0.71917E+01   -0.14736E+00  1104   0.367E+00
Be:DAV:   2    -0.210076430171E+02    0.14797E-07   -0.36024E-08   536   0.423E-04
Be-Be:DAV:   5    -0.146442112723E+02   -0.34206E-06   -0.18511E-07   552   0.233E-03
Be:BeDAV:   2    -0.235734305910E+02    0.69154E-07   -0.17345E-07   512   0.861E-04
Be:-BeDAV:   2    -0.235734305912E+02    0.68027E-07   -0.17202E-07   520   0.862E-04
Be-Be:BeDAV:  14    -0.172120983498E+02   -0.30859E-06   -0.49011E-08   528   0.841E-04
Be-Be:Be-BeDAV:   9    -0.108465812907E+02   -0.46704E-06   -0.42295E-08   496   0.114E-03
C_s:DAV:   6    -0.219924465570E+02   -0.18838E-06   -0.22131E-08   496   0.141E-03
C_s-C_s:DAV:   2    -0.368357524997E+02    0.12441E-07   -0.10718E-07   520   0.439E-03
C_s:C_sDAV:   4    -0.255417008008E+02    0.24629E-06   -0.76668E-07   560   0.698E-03
C_s:-C_sDAV:   4    -0.255417008991E+02   -0.69244E-06   -0.40445E-07   576   0.549E-03
C_s-C_s:C_sDAV:  33    -0.403876195552E+02    0.99909E-06   -0.10895E-07   536   0.252E-03
C_s-C_s:C_s-C_sDAV:   2    -0.552302523718E+02    0.43773E-07   -0.66428E-08   624   0.286E-03
Gd:DAV: 100    -0.241412063241E+02   -0.65941E-04   -0.85759E-07   736   0.262E-03
Gd-Gd:DAV:  25     0.181070170255E+03   -0.79218E-06   -0.32724E-07   832   0.479E-03
Gd:GdDAV:   5    -0.298381251307E+02    0.25639E-06   -0.18186E-06   824   0.800E-03
Gd:-GdDAV:   8    -0.298381309609E+02    0.16459E-06   -0.17760E-07   600   0.299E-03
Gd-Gd:GdDAV: 100    -0.392993483460E+04    0.48545E+03   -0.11554E+03  2080   0.529E+02
Gd-Gd:Gd-GdDAV:  26     0.380581664014E+03    0.26319E-06   -0.96566E-07  1024   0.137E-02
Ir:DAV:   5    -0.253660673792E+02    0.69679E-06   -0.18737E-07   520   0.403E-03
Ir-Ir:DAV:   5     0.636268233482E+02   -0.53087E-06   -0.56920E-07   768   0.423E-03
Ir:IrDAV:   6    -0.322876783224E+02   -0.15718E-06   -0.77152E-08   680   0.177E-03
Ir:-IrDAV:   6    -0.322876781856E+02    0.24387E-06   -0.24884E-07   624   0.345E-03
Ir-Ir:IrDAV:   8     0.566795919364E+02   -0.28815E-07   -0.64968E-07   728   0.576E-03
Ir-Ir:Ir-IrDAV:   4     0.145695423137E+03    0.71441E-06   -0.71625E-07   864   0.511E-03
Na_sv:DAV:  19    -0.177297112721E+02    0.28286E-06   -0.25033E-07   616   0.322E-03
Na_sv-Na_sv:DAV:   2     0.191784399953E+01   -0.19640E-06   -0.70376E-07   720   0.214E-03
Na_sv:Na_svDAV:  81    -0.189739594300E+02    0.12789E+02   -0.22351E+00  1096   0.390E+00    0.403E+00
Na_sv:-Na_svDAV:  68    -0.170187836000E+02    0.60250E-07   -0.23985E-06   792   0.426E-03
Na_sv-Na_sv:Na_svDAV:   5     0.262283695618E+01   -0.94405E-06   -0.33042E-07   624   0.399E-03
Na_sv-Na_sv:Na_sv-Na_svDAV:   4     0.222752262378E+02    0.18700E-07   -0.45566E-08   768   0.185E-03
Pa_s:DAV:   3    -0.225249118509E+02    0.26715E-06   -0.88608E-07   480   0.701E-03
Pa_s-Pa_s:DAV:   7     0.276132471570E+03    0.88876E-06   -0.52908E-07   592   0.108E-02
Pa_s:Pa_sDAV:   4    -0.266079926997E+02   -0.10289E-06   -0.12269E-06   800   0.999E-03
Pa_s:-Pa_sDAV:   3    -0.266079923134E+02    0.25758E-06   -0.87564E-07   736   0.105E-02
Pa_s-Pa_s:Pa_sDAV: 100    -0.517055528118E+04   -0.75709E+03   -0.83358E+01  1464   0.108E+02
Pa_s-Pa_s:Pa_s-Pa_sDAV:   5     0.570707058328E+03    0.34833E-06   -0.86134E-07   792   0.153E-02
Rh_pv:DAV:   6    -0.239610586680E+02   -0.69244E-06   -0.19382E-07   520   0.498E-03
Rh_pv-Rh_pv:DAV:   4     0.867022387331E+02   -0.28252E-06   -0.15070E-07   600   0.487E-03
Rh_pv:Rh_pvDAV:   5    -0.294783723887E+02    0.49837E-07   -0.51357E-07   624   0.134E-02
Rh_pv:-Rh_pvDAV:   5    -0.294783689325E+02    0.14804E-06   -0.39985E-07   624   0.129E-02
Rh_pv-Rh_pv:Rh_pvDAV:   6     0.811663624648E+02    0.31910E-06   -0.12314E-06   832   0.122E-02
Rh_pv-Rh_pv:Rh_pv-Rh_pvDAV:   9     0.191845815476E+03    0.61030E-06   -0.25701E-06  1104   0.168E-02
Tc_pv:DAV:   5    -0.264169478235E+02   -0.39621E-06   -0.58167E-08   544   0.237E-03
Tc_pv-Tc_pv:DAV:   4     0.729459560874E+02   -0.10194E-06   -0.67148E-08   656   0.167E-03
Tc_pv:Tc_pvDAV:   4    -0.343919923285E+02    0.11433E-06   -0.10965E-07   624   0.238E-03
Tc_pv:-Tc_pvDAV:   7    -0.343919842407E+02    0.52854E-07   -0.28136E-07   672   0.353E-03
Tc_pv-Tc_pv:Tc_pvDAV:  11     0.649553496380E+02    0.27201E-06   -0.12055E-07   856   0.188E-03
Tc_pv-Tc_pv:Tc_pv-Tc_pvDAV:   6     0.164333684311E+03    0.68418E-06   -0.52084E-07   984   0.470E-03
Yb:DAV:  26    -0.156648566230E+02   -0.28348E-06   -0.46435E-07   640   0.603E-03
Yb-Yb:DAV:  31     0.275619745168E+03    0.21998E-06   -0.35389E-10  1008   0.146E-04
Yb:YbDAV:   7    -0.128884445792E+02    0.31012E-06   -0.26026E-07   928   0.408E-03
Yb:-YbDAV:   4    -0.128884273059E+02    0.41348E-06   -0.21387E-06  1056   0.200E-02
Yb-Yb:YbDAV:  13     0.278396118983E+03    0.11546E-06   -0.14805E-06  1240   0.193E-02
Yb-Yb:Yb-YbDAV:  14     0.569680687874E+03   -0.38885E-06   -0.20533E-07  1360   0.363E-03
Be_sv:DAV:   2    -0.209865821827E+02    0.11145E-07   -0.25020E-08   528   0.837E-04
Be_sv-Be_sv:DAV:   7    -0.145898446495E+02   -0.35571E-06   -0.38315E-08   472   0.162E-03
Be_sv:Be_svDAV:   2    -0.235314141117E+02    0.29938E-06   -0.21009E-07   544   0.326E-03
Be_sv:-Be_svDAV:   2    -0.235314114675E+02    0.29590E-06   -0.20250E-07   520   0.292E-03
Be_sv-Be_sv:Be_svDAV:   5    -0.171368645281E+02    0.70086E-06   -0.44090E-07   472   0.362E-03
Be_sv-Be_sv:Be_sv-Be_svDAV:   7    -0.107382544455E+02    0.24276E-06   -0.30187E-07   288   0.351E-03
Cs_sv:DAV:   4    -0.812996260371E+01   -0.44959E-06   -0.19515E-07   576   0.249E-03
Cs_sv-Cs_sv:DAV:  36     0.285072611562E+03   -0.18239E-07   -0.22288E-08   664   0.595E-04
Cs_sv:Cs_svDAV:   5     0.218204049482E+01    0.18544E-06   -0.97834E-08   736   0.158E-03
Cs_sv:-Cs_svDAV:   5     0.218204085512E+01    0.28211E-06   -0.92182E-08   760   0.158E-03
Cs_sv-Cs_sv:Cs_svDAV:   8     0.295383160932E+03    0.54917E-06   -0.19838E-06   752   0.620E-03
Cs_sv-Cs_sv:Cs_sv-Cs_svDAV:   7     0.588586522377E+03   -0.65943E-06   -0.24554E-06  1056   0.768E-03
Gd_3:DAV:   3    -0.183588983791E+02    0.17107E-06   -0.65066E-07   496   0.396E-03
Gd_3-Gd_3:DAV:   4     0.118997252867E+03    0.11931E-07   -0.27591E-07   656   0.288E-03
Gd_3:Gd_3DAV:   3    -0.182759734226E+02    0.89063E-06   -0.95728E-06   760   0.712E-03
Gd_3:-Gd_3DAV:   3    -0.182759734864E+02    0.91785E-06   -0.97666E-06   744   0.714E-03
Gd_3-Gd_3:Gd_3DAV:  12     0.119079473049E+03    0.43991E-06   -0.16780E-06   696   0.533E-03
Gd_3-Gd_3:Gd_3-Gd_3DAV: 100     0.256435245651E+03    0.16334E-02   -0.36576E-03  1200   0.133E-01
K_pv:DAV:   6    -0.148642136478E+02   -0.14735E-06   -0.10095E-07   528   0.202E-03
K_pv-K_pv:DAV:   5     0.898461858603E+02   -0.53376E-06   -0.10078E-07   464   0.268E-03
K_pv:K_pvDAV:   7    -0.112867464420E+02   -0.59230E-06   -0.71480E-07   416   0.630E-03
K_pv:-K_pvDAV:   7    -0.112867471512E+02   -0.54537E-06   -0.70477E-07   408   0.627E-03
K_pv-K_pv:K_pvDAV:   8     0.934237356386E+02    0.16444E-06   -0.23068E-06   832   0.650E-03
K_pv-K_pv:K_pv-K_pvDAV:  10     0.198134278765E+03   -0.21194E-07   -0.10071E-07   568   0.179E-03
Nb_pv:DAV:   2    -0.256812418974E+02   -0.36085E-06   -0.55781E-07   528   0.440E-03
Nb_pv-Nb_pv:DAV:   9     0.100397662702E+03    0.91456E-06   -0.86912E-08   760   0.282E-03
Nb_pv:Nb_pvDAV:   2    -0.329211765774E+02   -0.26881E-06   -0.19812E-06   840   0.125E-02
Nb_pv:-Nb_pvDAV:   5    -0.329211759367E+02    0.69664E-06   -0.31174E-07   704   0.509E-03
Nb_pv-Nb_pv:Nb_pvDAV:   9     0.931534170487E+02   -0.49068E-06   -0.87189E-07   760   0.761E-03
Nb_pv-Nb_pv:Nb_pv-Nb_pvDAV:  11     0.219236623334E+03   -0.23570E-07   -0.46346E-08   808   0.212E-03
Pb:DAV:   4    -0.158143773960E+02   -0.78752E-06   -0.36066E-07   632   0.333E-03
Pb-Pb:DAV: 100    -0.323360272980E+04   -0.13367E+03   -0.88291E-02   968   0.181E+00
Pb:PbDAV:   5    -0.131859066799E+02   -0.29608E-07   -0.13938E-07   528   0.282E-03
Pb:-PbDAV:   5    -0.131859065129E+02    0.22893E-06   -0.14781E-07   528   0.284E-03
Pb-Pb:PbDAV:  22     0.115161252796E+03    0.88617E-06   -0.14915E-07   440   0.306E-03
Pb-Pb:Pb-PbDAV:  34     0.243510334652E+03   -0.65220E-06   -0.98047E-08   368   0.130E-03
Ru:DAV:   9    -0.253232070306E+02   -0.75324E-06   -0.49216E-08   520   0.175E-03
Ru-Ru:DAV:   2     0.166659367796E+02   -0.22933E-06   -0.11805E-06   560   0.681E-03
Ru:RuDAV:   8    -0.322036898527E+02   -0.15363E-06   -0.97982E-08   264   0.237E-03
Ru:-RuDAV:   7    -0.322036896877E+02    0.22829E-06   -0.18596E-07   280   0.396E-03
Ru-Ru:RuDAV:  45     0.977404761054E+01   -0.96967E-06   -0.84854E-08   696   0.108E-03
Ru-Ru:Ru-RuDAV:   2     0.517731280464E+02    0.42780E-06   -0.30392E-06   768   0.132E-02
Te:DAV:   5    -0.161956860095E+02   -0.18438E-06   -0.41839E-08   576   0.121E-03
Te-Te:DAV:   4     0.174509715870E+03   -0.14874E-06   -0.74103E-08   552   0.163E-03
Te:TeDAV:   5    -0.139499323311E+02    0.42170E-07   -0.12214E-07   448   0.235E-03
Te:-TeDAV:   2    -0.139499323376E+02   -0.23111E-07   -0.24697E-07   472   0.247E-03
Te-Te:TeDAV:   8     0.176754805250E+03   -0.15806E-06   -0.27932E-07   744   0.221E-03
Te-Te:Te-TeDAV:   4     0.367459257213E+03    0.18188E-06   -0.88593E-07   720   0.492E-03
Yb_2:DAV:   2    -0.161268284935E+02    0.54222E-06   -0.91298E-06   616   0.139E-02
Yb_2-Yb_2:DAV:  11     0.853723652913E+02   -0.37951E-06   -0.20221E-08   448   0.113E-03
Yb_2:Yb_2DAV:   2    -0.138123766416E+02    0.17421E-06   -0.79407E-07   344   0.290E-03
Yb_2:-Yb_2DAV:   2    -0.138123793238E+02    0.47760E-06   -0.88509E-07   424   0.284E-03
Yb_2-Yb_2:Yb_2DAV:   7     0.876868102717E+02   -0.68629E-07   -0.15590E-07   560   0.228E-03
Yb_2-Yb_2:Yb_2-Yb_2DAV:   3     0.189186001782E+03    0.65182E-06   -0.25361E-06   600   0.775E-03
B_h:DAV:   5    -0.217237539155E+02   -0.31204E-06   -0.41253E-08   528   0.122E-03
B_h-B_h:DAV:   4    -0.264254592637E+02   -0.59381E-06   -0.49567E-08   496   0.150E-03
B_h:B_hDAV:   4    -0.250058530949E+02   -0.57714E-07   -0.47303E-08   528   0.153E-03
B_h:-B_hDAV:   4    -0.250058343019E+02   -0.17561E-06   -0.59805E-08   536   0.175E-03
B_h-B_h:B_hDAV:  13    -0.297074700714E+02   -0.67184E-06   -0.23893E-07   528   0.243E-03
B_h-B_h:B_h-B_hDAV:   4    -0.344090527366E+02    0.20619E-06   -0.41615E-07   544   0.492E-03
Cu:DAV:   5    -0.214691605541E+02   -0.28687E-06   -0.76572E-08   496   0.242E-03
Cu-Cu:DAV:  38     0.119290105716E+02    0.32487E-06   -0.80556E-09   672   0.493E-04
Cu:CuDAV:   9    -0.244967403878E+02    0.99318E-06   -0.62175E-08   624   0.188E-03
Cu:-CuDAV:   9    -0.244967375202E+02    0.75616E-06   -0.50559E-08   616   0.172E-03
Cu-Cu:CuDAV:   7     0.890152518832E+01    0.11260E-06   -0.28532E-07   480   0.536E-03
Cu-Cu:Cu-CuDAV:   5     0.423008505948E+02   -0.65966E-06   -0.13075E-06   704   0.661E-03
Ge:DAV:   2    -0.216293599726E+02    0.72546E-07   -0.14017E-07   528   0.137E-03
Ge-Ge:DAV:   2     0.405142272356E+02   -0.17462E-07   -0.51467E-08   520   0.120E-03
Ge:GeDAV:   3    -0.248170285773E+02    0.35351E-06   -0.38812E-07   536   0.320E-03
Ge:-GeDAV:   3    -0.248170285877E+02    0.35454E-06   -0.38784E-07   512   0.319E-03
Ge-Ge:GeDAV:   5     0.373227324587E+02   -0.10097E-07   -0.45819E-08   464   0.121E-03
Ge-Ge:Ge-GeDAV:   4     0.994703067856E+02    0.85919E-06   -0.26258E-07   432   0.343E-03
Kr:DAV:   2    -0.129652563829E+02    0.17834E-06   -0.46814E-07   496   0.378E-03
Kr-Kr:DAV:  21     0.103896153678E+03   -0.99203E-06   -0.13633E-07   480   0.264E-03
Kr:KrDAV:   4    -0.748158437031E+01   -0.28038E-06   -0.51891E-07   408   0.314E-03
Kr:-KrDAV:   2    -0.748158435152E+01   -0.18908E-06   -0.15431E-07   480   0.162E-03
Kr-Kr:KrDAV:   5     0.109370592700E+03   -0.11792E-06   -0.10182E-06   648   0.553E-03
Kr-Kr:Kr-KrDAV:   9     0.226235218348E+03   -0.29096E-06   -0.16342E-07   616   0.241E-03
Nb_sv:DAV:   4    -0.259563233148E+02   -0.41078E-07   -0.24931E-07   544   0.535E-03
Nb_sv-Nb_sv:DAV:  11     0.794156980837E+02   -0.27636E-06   -0.15320E-06   688   0.810E-03
Nb_sv:Nb_svDAV:   5    -0.334713439874E+02   -0.53958E-06   -0.33683E-07   736   0.682E-03
Nb_sv:-Nb_svDAV:   8    -0.334713435421E+02    0.16878E-06   -0.10070E-07   704   0.427E-03
Nb_sv-Nb_sv:Nb_svDAV:   4     0.718926279309E+02    0.63894E-06   -0.76821E-07   960   0.840E-03
Nb_sv-Nb_sv:Nb_sv-Nb_svDAV:   7     0.177272706948E+03   -0.14584E-06   -0.63353E-07  1064   0.596E-03
Pb_d:DAV:   5    -0.156869016073E+02   -0.19755E-06   -0.86374E-08   512   0.295E-03
Pb_d-Pb_d:DAV:   4     0.178829756079E+03   -0.21939E-06   -0.13243E-07   656   0.242E-03
Pb_d:Pb_dDAV:   4    -0.129303787227E+02   -0.26480E-06   -0.42031E-07   624   0.599E-03
Pb_d:-Pb_dDAV:   4    -0.129303741750E+02   -0.11364E-06   -0.68149E-07   632   0.666E-03
Pb_d-Pb_d:Pb_dDAV:   7     0.181586508673E+03    0.86470E-06   -0.28580E-07   840   0.503E-03
Pb_d-Pb_d:Pb_d-Pb_dDAV:   7     0.376105182352E+03    0.83893E-06   -0.12251E-06  1024   0.772E-03
Ru_pv:DAV:  10    -0.253673939490E+02   -0.55940E-06   -0.11663E-06   488   0.810E-03
Ru_pv-Ru_pv:DAV:   4     0.803381460705E+02   -0.82960E-07   -0.78713E-08   640   0.209E-03
Ru_pv:Ru_pvDAV:   7    -0.322920957604E+02   -0.16106E-06   -0.63773E-06   856   0.152E-02
Ru_pv:-Ru_pvDAV:   6    -0.322920870096E+02   -0.13368E-06   -0.62621E-07   632   0.710E-03
Ru_pv-Ru_pv:Ru_pvDAV:   8     0.733987978956E+02   -0.35703E-06   -0.14609E-06   960   0.656E-03
Ru_pv-Ru_pv:Ru_pv-Ru_pvDAV:  11     0.179117601932E+03    0.41565E-06   -0.68680E-08   872   0.230E-03
Th:DAV:   2    -0.176399139139E+02    0.64952E-06   -0.18375E-06   528   0.537E-03
Th-Th:DAV:   7     0.218625272607E+03   -0.15010E-06   -0.17950E-07   616   0.283E-03
Th:ThDAV:   2    -0.168370233015E+02    0.93670E-06   -0.76762E-06   944   0.133E-02
Th:-ThDAV:   2    -0.168370229782E+02    0.41172E-07   -0.12297E-07   648   0.216E-03
Th-Th:ThDAV:   5     0.219426331753E+03    0.96798E-06   -0.98087E-06  1312   0.214E-02
Th-Th:Th-ThDAV:  25     0.455691746714E+03   -0.11726E-06   -0.30879E-08   896   0.101E-03
Y_sv:DAV:   3    -0.201189761022E+02    0.42120E-06   -0.46318E-06   496   0.524E-03
Y_sv-Y_sv:DAV:   7     0.787500158016E+02   -0.46452E-06   -0.57368E-07   584   0.722E-03
Y_sv:Y_svDAV:   2    -0.217961277503E+02    0.28187E-06   -0.57860E-06   840   0.107E-02
Y_sv:-Y_svDAV:   2    -0.217961265983E+02    0.28499E-06   -0.58258E-06   840   0.107E-02
Y_sv-Y_sv:Y_svDAV:  18     0.770712114703E+02   -0.78194E-06   -0.56261E-07   504   0.665E-03
Y_sv-Y_sv:Y_sv-Y_svDAV:  20     0.175940756410E+03    0.43421E-06   -0.12496E-08   808   0.669E-04
Bi:DAV:   4    -0.144784050963E+02   -0.86607E-06   -0.62326E-08   608   0.155E-03
Bi-Bi:DAV:   7     0.158693959337E+03    0.47171E-07   -0.45507E-08   512   0.138E-03
Bi:BiDAV:   4    -0.105130453510E+02    0.28042E-06   -0.10566E-07   512   0.232E-03
Bi:-BiDAV:   5    -0.105130454237E+02    0.63608E-09   -0.31526E-08   496   0.140E-03
Bi-Bi:BiDAV:   7     0.162657795644E+03   -0.32006E-07   -0.27494E-07   560   0.405E-03
Bi-Bi:Bi-BiDAV:   5     0.335831181957E+03    0.10011E-06   -0.21399E-07   768   0.248E-03
Cu_pv:DAV:   5    -0.218426958823E+02   -0.35824E-06   -0.27363E-08   456   0.181E-03
Cu_pv-Cu_pv:DAV:  14     0.161260208856E+02   -0.81682E-06   -0.80409E-08   784   0.152E-03
Cu_pv:Cu_pvDAV:   4    -0.252438240198E+02   -0.53024E-08   -0.72738E-08   760   0.241E-03
Cu_pv:-Cu_pvDAV:   4    -0.252438112193E+02    0.53613E-07   -0.58235E-08   744   0.210E-03
Cu_pv-Cu_pv:Cu_pvDAV: 100    -0.463614301916E+04   -0.68099E+03   -0.59192E+00  2288   0.159E+01
Cu_pv-Cu_pv:Cu_pv-Cu_pvDAV:   3     0.506937514952E+02    0.64123E-06   -0.19075E-06  1304   0.134E-02
Ge_d:DAV:   2    -0.217795735127E+02   -0.10705E-08   -0.26217E-08   504   0.173E-03
Ge_d-Ge_d:DAV:   5     0.368740497972E+02    0.97696E-07   -0.22420E-07   656   0.351E-03
Ge_d:Ge_dDAV:   3    -0.251178076963E+02    0.33262E-06   -0.16458E-06   688   0.694E-03
Ge_d:-Ge_dDAV:   3    -0.251178022340E+02    0.37326E-06   -0.17626E-06   664   0.707E-03
Ge_d-Ge_d:Ge_dDAV:   5     0.335311756268E+02   -0.11719E-06   -0.19255E-07   728   0.413E-03
Ge_d-Ge_d:Ge_d-Ge_dDAV:   7     0.921888525008E+02   -0.12334E-06   -0.41178E-07  1008   0.511E-03
K_sv:DAV:   6    -0.152153592856E+02   -0.24598E-06   -0.44293E-07   512   0.345E-03
K_sv-K_sv:DAV:   6     0.556643635037E+02    0.73526E-06   -0.46947E-07   752   0.247E-03
K_sv:K_svDAV:   7    -0.119890524727E+02   -0.15716E-06   -0.27871E-07   712   0.338E-03
K_sv:-K_svDAV:   7    -0.119890525016E+02   -0.12583E-06   -0.25736E-07   696   0.327E-03
K_sv-K_sv:K_svDAV:  13     0.588890416337E+02   -0.16520E-07   -0.10374E-07   584   0.192E-03
K_sv-K_sv:K_sv-K_svDAV:   4     0.129770550587E+03    0.90600E-06   -0.10278E-06   920   0.689E-03
Nd:DAV:   6    -0.234535070817E+02    0.26199E-06   -0.56858E-07   328   0.451E-03
Nd-Nd:DAV:   7     0.180051179707E+03   -0.59281E-08   -0.12703E-07   552   0.428E-03
Nd:NdDAV:   5    -0.284651928139E+02    0.50562E-06   -0.19538E-06   624   0.836E-03
Nd:-NdDAV:   5    -0.284651975248E+02    0.65326E-06   -0.37285E-06   648   0.108E-02
Nd-Nd:NdDAV:  60     0.175038911753E+03    0.34299E-04   -0.10628E-04  1568   0.750E-02    0.177E-01
Nd-Nd:Nd-NdDAV:   9     0.378543624283E+03    0.27903E-07   -0.44620E-06  1096   0.116E-02
Pd:DAV:   5    -0.222868572424E+02   -0.98220E-06   -0.93158E-08   528   0.292E-03
Pd-Pd:DAV:   5     0.470173735003E+02   -0.37779E-06   -0.16196E-07   696   0.264E-03
Pd:PdDAV:   5    -0.261301518943E+02    0.35902E-07   -0.19334E-07   632   0.330E-03
Pd:-PdDAV:   5    -0.261301512095E+02   -0.27902E-06   -0.25045E-07   624   0.376E-03
Pd-Pd:PdDAV:  14     0.431570746915E+02   -0.34399E-06   -0.13384E-07   464   0.268E-03
Pd-Pd:Pd-PdDAV:  10     0.112476069821E+03   -0.39000E-06   -0.24256E-07   704   0.260E-03
S:DAV:   4    -0.215109073933E+02   -0.59321E-06   -0.52641E-08   544   0.135E-03
S-S:DAV:   7     0.872778665501E+01   -0.19383E-06   -0.26109E-07   496   0.314E-03
S:SDAV:   9    -0.245792405352E+02    0.86871E-06   -0.85889E-08   496   0.125E-03
S:-SDAV:   9    -0.245792410024E+02    0.90244E-06   -0.77170E-08   456   0.159E-03
S-S:SDAV:   5     0.564402701848E+01   -0.53699E-06   -0.11111E-06   856   0.462E-03
S-S:S-SDAV:   2     0.358959191272E+02   -0.89518E-06   -0.82742E-06   840   0.126E-02
Th_s:DAV:   3    -0.166546869942E+02    0.45281E-06   -0.18956E-06   480   0.909E-03
Th_s-Th_s:DAV:   5     0.323714799899E+03   -0.40195E-06   -0.17664E-07   712   0.355E-03
Th_s:Th_sDAV:   3    -0.148675481873E+02    0.21461E-06   -0.12408E-06   728   0.655E-03
Th_s:-Th_sDAV:   2    -0.148675483798E+02    0.70932E-06   -0.62010E-06   904   0.121E-02
Th_s-Th_s:Th_sDAV:   8     0.325499680506E+03    0.44876E-06   -0.13047E-06   592   0.828E-03
Th_s-Th_s:Th_s-Th_sDAV:   9     0.665871657939E+03    0.28933E-07   -0.56159E-07   688   0.536E-03
Zn:DAV:   4    -0.193109185972E+02    0.32450E-06   -0.65309E-07   512   0.488E-03
Zn-Zn:DAV:   8     0.275778546763E+02   -0.11427E-06   -0.57111E-07   592   0.145E-03
Zn:ZnDAV:   4    -0.201800126631E+02   -0.24424E-08   -0.25013E-07   632   0.251E-03
Zn:-ZnDAV:   4    -0.201800077303E+02   -0.60486E-08   -0.24639E-07   632   0.249E-03
Zn-Zn:ZnDAV:  23     0.267067672933E+02    0.24390E-06   -0.23435E-08   824   0.166E-03
Zn-Zn:Zn-ZnDAV:   6     0.735971040003E+02   -0.20622E-06   -0.12151E-07   872   0.194E-03
Bi_d:DAV:   2    -0.146134335467E+02   -0.76445E-07   -0.69265E-08   456   0.187E-03
Bi_d-Bi_d:DAV:   4     0.214767736536E+03    0.26818E-06   -0.10023E-06   616   0.685E-03
Bi_d:Bi_dDAV:   4    -0.107849810530E+02    0.38270E-06   -0.53655E-07   632   0.556E-03
Bi_d:-Bi_dDAV:   4    -0.107849778219E+02    0.57972E-06   -0.73694E-07   632   0.682E-03
Bi_d-Bi_d:Bi_dDAV:   7     0.218592159723E+03    0.59453E-06   -0.16985E-06   968   0.778E-03
Bi_d-Bi_d:Bi_d-Bi_dDAV:   6     0.447971913775E+03    0.44733E-07   -0.29536E-07   984   0.322E-03
Ge_h:DAV:   2    -0.216611682751E+02    0.59805E-06   -0.21836E-06   488   0.510E-03
Ge_h-Ge_h:DAV:   5     0.408994448948E+02    0.60442E-06   -0.21841E-07   656   0.300E-03
Ge_h:Ge_hDAV:   3    -0.248809169432E+02    0.32802E-06   -0.11866E-06   688   0.579E-03
Ge_h:-Ge_hDAV:   3    -0.248809062224E+02    0.33007E-06   -0.11872E-06   688   0.580E-03
Ge_h-Ge_h:Ge_hDAV:   6     0.376754345613E+02    0.64708E-06   -0.63944E-07   952   0.436E-03
Ge_h-Ge_h:Ge_h-Ge_hDAV:   5     0.100239792795E+03   -0.51599E-07   -0.19039E-07   872   0.375E-03
La:DAV:   5    -0.175427490901E+02   -0.96870E-07   -0.22899E-07   496   0.596E-03
La-La:DAV:   8     0.164101907268E+03    0.11949E-06   -0.18057E-07   632   0.780E-03
La:LaDAV:   8    -0.166442287997E+02    0.44482E-06   -0.30819E-07   720   0.688E-03
La:-LaDAV:   4    -0.166442285170E+02   -0.15924E-06   -0.76502E-07   664   0.106E-02
La-La:LaDAV: 100     0.129453459498E+03   -0.22899E+00   -0.12702E+01  1528   0.117E+01
La-La:La-LaDAV:   5     0.346645707221E+03    0.81525E-06   -0.26298E-06   896   0.362E-02
Nd_3:DAV:   4    -0.174554347005E+02   -0.15384E-06   -0.25826E-07   544   0.263E-03
Nd_3-Nd_3:DAV:  19    -0.215623422607E+03    0.61318E-06   -0.30342E-06   624   0.842E-04
Nd_3:Nd_3DAV:   4    -0.164696135983E+02    0.13789E-06   -0.17077E-07   656   0.225E-03
Nd_3:-Nd_3DAV:   4    -0.164696129080E+02    0.77444E-06   -0.12811E-06   792   0.568E-03
Nd_3-Nd_3:Nd_3DAV:  33    -0.214637459753E+03   -0.22093E-06   -0.64241E-07   536   0.417E-03
Nd_3-Nd_3:Nd_3-Nd_3DAV:  48    -0.412804309270E+03    0.74785E-06   -0.15901E-07   704   0.264E-03
Pd_pv:DAV:   5    -0.224788328105E+02   -0.91852E-06   -0.61572E-08   552   0.269E-03
Pd_pv-Pd_pv:DAV:   9     0.114850716322E+03   -0.48832E-07   -0.78583E-08   576   0.214E-03
Pd_pv:Pd_pvDAV:   5    -0.265141486560E+02   -0.35275E-06   -0.12051E-07   656   0.323E-03
Pd_pv:-Pd_pvDAV:   5    -0.265141408292E+02   -0.11273E-06   -0.15664E-07   664   0.389E-03
Pd_pv-Pd_pv:Pd_pvDAV:  26     0.110800152667E+03   -0.88270E-06   -0.12836E-07   920   0.103E-03
Pd_pv-Pd_pv:Pd_pv-Pd_pvDAV:   5     0.248142720099E+03    0.48130E-06   -0.44567E-07  1032   0.373E-03
Sb:DAV:   7    -0.175011060966E+02   -0.54289E-06   -0.52455E-06   688   0.115E-02
Sb-Sb:DAV:   5     0.129517218686E+03   -0.36569E-06   -0.10048E-07   640   0.216E-03
Sb:SbDAV:   7    -0.165661095795E+02   -0.30879E-06   -0.13949E-07   464   0.252E-03
Sb:-SbDAV:   4    -0.165661096404E+02   -0.83181E-07   -0.11058E-07   456   0.211E-03
Sb-Sb:SbDAV:  11     0.130458457395E+03    0.93274E-06   -0.90714E-08   424   0.183E-03
Sb-Sb:Sb-SbDAV:   7     0.277476931051E+03    0.82048E-06   -0.63142E-07   656   0.371E-03
Ti:DAV:  11    -0.241912476657E+02   -0.38536E-06   -0.29204E-08   464   0.789E-04
Ti-Ti:DAV:  40    -0.137823382141E+02   -0.51610E-06   -0.41979E-06   664   0.715E-03
Ti:TiDAV:   8    -0.299411305970E+02   -0.94015E-07   -0.12182E-07   384   0.171E-03
Ti:-TiDAV:   8    -0.299411309490E+02   -0.27460E-06   -0.93310E-08   352   0.172E-03
Ti-Ti:TiDAV:   8    -0.195338334128E+02    0.51361E-06   -0.57787E-07   480   0.550E-03
Ti-Ti:Ti-TiDAV:   6    -0.912342577907E+01   -0.95370E-06   -0.96133E-08   304   0.166E-03
Zr:DAV:   3    -0.241698337316E+02    0.77361E-06   -0.48538E-06   488   0.305E-03
Zr-Zr:DAV:  10    -0.121339174823E+02    0.70320E-06   -0.50998E-06   648   0.113E-02
Zr:ZrDAV:   2    -0.298983199729E+02    0.20252E-06   -0.50039E-07   544   0.331E-03
Zr:-ZrDAV:   2    -0.298983200118E+02    0.18361E-06   -0.45318E-07   536   0.317E-03
Zr-Zr:ZrDAV:  29    -0.178678616732E+02    0.74433E-06   -0.28183E-06   624   0.424E-03
Zr-Zr:Zr-ZrDAV:  10    -0.582599657751E+01    0.14240E-06   -0.14293E-07   416   0.244E-03
Br:DAV:   4    -0.178308259147E+02   -0.47936E-06   -0.17736E-07   552   0.229E-03
Br-Br:DAV:   8     0.844145751467E+02    0.26686E-06   -0.62156E-07   424   0.490E-03
Br:BrDAV:   4    -0.172205763685E+02   -0.87175E-07   -0.46171E-07   488   0.378E-03
Br:-BrDAV:   4    -0.172205761859E+02   -0.95331E-07   -0.44718E-07   488   0.361E-03
Br-Br:BrDAV:  28     0.850244429277E+02   -0.87269E-06   -0.88778E-07   672   0.458E-03
Br-Br:Br-BrDAV:   3     0.187269072150E+03    0.60238E-06   -0.91064E-07   624   0.369E-03
H:DAV:   2    -0.195344773396E+02    0.14138E-06   -0.14547E-07   320   0.215E-03
H-H:DAV:   2    -0.235604607348E+02    0.58795E-08   -0.42302E-09   528   0.284E-04
H:HDAV:   5    -0.206256989658E+02   -0.39213E-06   -0.18212E-08   560   0.578E-04
H:-HDAV:   5    -0.206256989853E+02   -0.40519E-06   -0.18669E-08   544   0.584E-04
H-H:HDAV:  24    -0.246537705474E+02    0.12853E-06   -0.15057E-09   360   0.201E-04
H-H:H-HDAV:   2    -0.286796680906E+02    0.56474E-08   -0.42488E-09   560   0.241E-04
La_s:DAV:   9    -0.170225905666E+02   -0.47504E-07   -0.37420E-08   344   0.141E-03
La_s-La_s:DAV:  55     0.237677959725E+03    0.18696E-06   -0.15849E-07   616   0.206E-03
La_s:La_sDAV:  53    -0.156038223636E+02    0.60708E-06   -0.28443E-08   520   0.875E-04
La_s:-La_sDAV:   9    -0.156038212062E+02   -0.22391E-07   -0.24283E-07   648   0.460E-03
La_s-La_s:La_sDAV:  47     0.239096734699E+03    0.22794E-06   -0.49077E-07   584   0.463E-03
La_s-La_s:La_s-La_sDAV:   5     0.493797291764E+03    0.34650E-06   -0.57512E-07   776   0.802E-03
Ne:DAV:   2    -0.183388337845E+02    0.89090E-08   -0.17869E-08   488   0.136E-03
Ne-Ne:DAV:   7    -0.127950391487E+01    0.15266E-06   -0.80528E-08   496   0.351E-03
Ne:NeDAV:   2    -0.182362732777E+02    0.16325E-08   -0.34202E-08   512   0.191E-03
Ne:-NeDAV:   2    -0.182362724540E+02    0.91813E-08   -0.15599E-08   600   0.137E-03
Ne-Ne:NeDAV:   7    -0.117688909565E+01   -0.13955E-06   -0.60310E-08   592   0.237E-03
Ne-Ne:Ne-NeDAV:   5     0.158872133250E+02   -0.41328E-06   -0.44729E-08   624   0.236E-03
P_h:DAV:  34    -0.228208835177E+02   -0.46108E-06   -0.17361E-09   504   0.272E-04
P_h-P_h:DAV: 100    -0.680456484214E+03    0.11133E+03   -0.10696E+00   600   0.533E+00
P_h:P_hDAV: 100    -0.121186658869E+03    0.10910E+02   -0.77281E-01   648   0.162E+00
P_h:-P_hDAV:  29    -0.272006530378E+02    0.99213E-06   -0.11039E-08   464   0.443E-04
P_h-P_h:P_hDAV:  10     0.731847529724E+01    0.59639E-06   -0.49662E-07   480   0.370E-03
P_h-P_h:P_h-P_hDAV:   6     0.418522043549E+02   -0.25009E-07   -0.51149E-08   592   0.143E-03
Sc_sv:DAV:   4    -0.216629493236E+02   -0.50344E-06   -0.57899E-07   496   0.639E-03
Sc_sv-Sc_sv:DAV:   6     0.247516286326E+02   -0.59353E-06   -0.14685E-07   688   0.479E-03
Sc_sv:Sc_svDAV:   3    -0.248842889383E+02    0.80197E-06   -0.53909E-06   800   0.130E-02
Sc_sv:-Sc_svDAV:   4    -0.248842894539E+02    0.17014E-06   -0.65151E-07   648   0.513E-03
Sc_sv-Sc_sv:Sc_svDAV:  23     0.215300171109E+02    0.82160E-06   -0.26914E-06   872   0.925E-03
Sc_sv-Sc_sv:Sc_sv-Sc_svDAV:   5     0.679445229976E+02   -0.20946E-06   -0.25868E-06   856   0.182E-02
Ti_pv:DAV:  11    -0.242383407220E+02   -0.76447E-06   -0.24219E-07   584   0.187E-03
Ti_pv-Ti_pv:DAV:  39     0.787890579323E+01    0.14740E-06   -0.41703E-09   600   0.362E-04
Ti_pv:Ti_pvDAV:   4    -0.300353088824E+02   -0.33844E-07   -0.71096E-08   664   0.192E-03
Ti_pv:-Ti_pvDAV:   4    -0.300353074678E+02   -0.43056E-07   -0.69817E-08   632   0.189E-03
Ti_pv-Ti_pv:Ti_pvDAV:  28     0.208061600641E+01   -0.12979E-06   -0.29869E-07   504   0.444E-03
Ti_pv-Ti_pv:Ti_pv-Ti_pvDAV:  21     0.341997823810E+02    0.86607E-06   -0.20505E-07   800   0.150E-03
Zr_sv:DAV:   2    -0.236675221757E+02    0.33230E-06   -0.22321E-07   512   0.182E-03
Zr_sv-Zr_sv:DAV:  18     0.109708352359E+03    0.41192E-06   -0.11512E-07   672   0.137E-03
Zr_sv:Zr_svDAV:   2    -0.288936882891E+02    0.33628E-07   -0.77488E-08   672   0.181E-03
Zr_sv:-Zr_svDAV:   2    -0.288936847983E+02    0.20658E-07   -0.87636E-08   696   0.192E-03
Zr_sv-Zr_sv:Zr_svDAV: 100     0.104480062331E+03    0.42742E-04   -0.64032E-07   944   0.445E-03
Zr_sv-Zr_sv:Zr_sv-Zr_svDAV:   3     0.237858508768E+03    0.65850E-07   -0.36841E-07  1056   0.285E-03
B_s:DAV:   3    -0.217521377657E+02   -0.49702E-06   -0.40588E-06   672   0.120E-02
B_s-B_s:DAV:   4    -0.265724685004E+02   -0.93374E-06   -0.52085E-07   536   0.525E-03
B_s:B_sDAV:   8    -0.250626042166E+02    0.84253E-06   -0.90055E-08   472   0.846E-03
B_s:-B_sDAV:   8    -0.250626043063E+02    0.68734E-06   -0.76278E-08   448   0.739E-03
B_s-B_s:B_sDAV:   7    -0.298828914532E+02    0.30151E-06   -0.23301E-07   576   0.811E-03
B_s-B_s:B_s-B_sDAV:   5    -0.347031677534E+02   -0.78904E-07   -0.18311E-07   520   0.124E-02
Dy_3:DAV:   4    -0.183490736084E+02    0.31636E-06   -0.92613E-07   616   0.636E-03
Dy_3-Dy_3:DAV:  16     0.126737298294E+03   -0.10110E-06   -0.68430E-09   720   0.355E-04
Dy_3:Dy_3DAV:   4    -0.182563246386E+02    0.41027E-06   -0.24261E-06   816   0.699E-03
Dy_3:-Dy_3DAV:   4    -0.182563244093E+02    0.39589E-06   -0.24078E-06   808   0.709E-03
Dy_3-Dy_3:Dy_3DAV:  10     0.126829252674E+03    0.14762E-07   -0.89905E-08   640   0.212E-03
Dy_3-Dy_3:Dy_3-Dy_3DAV:   4     0.271915884476E+03    0.43352E-06   -0.11741E-06   856   0.666E-03
H1.25:DAV:  25    -0.191719874640E+02   -0.63681E-06   -0.36134E-09   336   0.706E-04
H1.25-H1.25:DAV:   2    -0.226668618541E+02   -0.79392E-06   -0.19506E-07   560   0.175E-03
H1.25:H1.25DAV:  13    -0.198881251742E+02    0.75106E-06   -0.41931E-08   584   0.930E-04
H1.25:-H1.25DAV:  13    -0.198881263275E+02   -0.75459E-06   -0.44414E-08   616   0.747E-04
H1.25-H1.25:H1.25DAV:   8    -0.233976598029E+02   -0.24059E-06   -0.23537E-08   512   0.811E-04
H1.25-H1.25:H1.25-H1.25DAV:   4    -0.268919089837E+02   -0.73339E-06   -0.24044E-07   528   0.370E-03
Li:DAV:   2    -0.194394959064E+02    0.19613E-06   -0.29068E-07   360   0.195E-03
Li-Li:DAV:   6    -0.150824163183E+02   -0.28416E-06   -0.15101E-07   592   0.203E-03
Li:LiDAV:   2    -0.204371707263E+02    0.19062E-07   -0.31630E-08   504   0.667E-04
Li:-LiDAV:   2    -0.204371707241E+02    0.18031E-07   -0.32332E-08   464   0.753E-04
Li-Li:LiDAV:  22    -0.160858873222E+02   -0.54746E-06   -0.83627E-08   520   0.146E-03
Li-Li:Li-LiDAV:   8    -0.117226807666E+02   -0.61079E-06   -0.61152E-08   488   0.173E-03
N_h:DAV:   7    -0.213101088661E+02    0.51720E-06   -0.78634E-07   512   0.432E-03
N_h-N_h:DAV:   6    -0.287214903834E+02   -0.23354E-07   -0.19770E-08   560   0.933E-04
N_h:N_hDAV:   6    -0.241700437481E+02   -0.48580E-06   -0.44324E-08   592   0.187E-03
N_h:-N_hDAV:   8    -0.241700407292E+02   -0.10040E-06   -0.12681E-07   480   0.295E-03
N_h-N_h:N_hDAV:  10    -0.316207081419E+02   -0.29280E-06   -0.75768E-08   456   0.203E-03
N_h-N_h:N_h-N_hDAV:   6    -0.390013611004E+02   -0.86756E-06   -0.30487E-07   728   0.315E-03
Pm:DAV:   2    -0.455433762971E+01   -0.17360E+03   -0.16620E+03   728   0.271E+02
Pm-Pm:DAV:   1     0.374027352763E+03    0.37403E+03   -0.26513E+04   928   0.243E+03
Pm:PmDAV:   3    -0.276711723690E+02   -0.80142E+02   -0.78839E+02   920   0.184E+02
Pm:-PmDAV:   7    -0.278421566135E+02    0.12399E+03   -0.11862E+03  1008   0.988E+01    0.161E+01
Pm-Pm:PmDAV:   3    -0.199530768996E+03   -0.15606E+03   -0.15262E+03  1520   0.305E+02
Pm-Pm:Pm-PmDAV:   3     0.508278998008E+02   -0.18386E+03   -0.17721E+03  1808   0.311E+02
Se:DAV:   4    -0.204984350272E+02   -0.99385E-07   -0.26622E-07   536   0.253E-03
Se-Se:DAV:   4     0.688653603583E+02   -0.50160E-06   -0.22097E-06   560   0.615E-03
Se:SeDAV:  10    -0.225552789584E+02   -0.32264E-06   -0.50944E-08   472   0.868E-04
Se:-SeDAV:  10    -0.225552788613E+02   -0.33721E-06   -0.54816E-08   464   0.916E-04
Se-Se:SeDAV:   8     0.668046299842E+02   -0.14197E-06   -0.31992E-07   728   0.209E-03
Se-Se:Se-SeDAV:   4     0.156173254835E+03    0.67148E-06   -0.83250E-07   664   0.453E-03
Ti_sv:DAV:   4    -0.242896332000E+02    0.11163E-06   -0.32595E-06   456   0.808E-03
Ti_sv-Ti_sv:DAV:   9     0.177441430942E+02    0.60965E-06   -0.11967E-07   680   0.288E-03
Ti_sv:Ti_svDAV:  21    -0.301380255364E+02    0.79357E-07   -0.17298E-07   544   0.426E-03
Ti_sv:-Ti_svDAV:  23    -0.301380832421E+02   -0.29878E-06   -0.21785E-08   552   0.125E-03
Ti_sv-Ti_sv:Ti_svDAV:  19     0.118923563424E+02    0.94946E-06   -0.50244E-07   808   0.732E-03
Ti_sv-Ti_sv:Ti_sv-Ti_svDAV:   4     0.539295484518E+02   -0.59370E-06   -0.19816E-06  1080   0.106E-02
C:DAV:   6    -0.220039927894E+02   -0.55999E-06   -0.70806E-08   512   0.188E-03
C-C:DAV:   2    -0.368821722256E+02    0.21263E-07   -0.27582E-08   480   0.118E-03
C:CDAV:   5    -0.255647014458E+02    0.30032E-08   -0.80631E-08   528   0.212E-03
C:-CDAV:  11    -0.255647012416E+02    0.10658E-06   -0.17718E-08   504   0.765E-04
C-C:CDAV:   8    -0.404453923799E+02   -0.22218E-07   -0.38118E-07   552   0.372E-03
C-C:C-CDAV:   2    -0.553227001811E+02    0.68925E-07   -0.14644E-07   464   0.227E-03
Er_2:DAV:  25    -0.163283925881E+02    0.24140E-07   -0.81609E-09   480   0.466E-04
Er_2-Er_2:DAV:  12     0.764526560304E+02   -0.74013E-06   -0.55491E-08   448   0.146E-03
Er_2:Er_2DAV:   4    -0.142154993742E+02   -0.32122E-07   -0.19639E-07   296   0.245E-03
Er_2:-Er_2DAV:   3    -0.142155007440E+02    0.64015E-06   -0.61044E-06   400   0.715E-03
Er_2-Er_2:Er_2DAV:  14     0.785653161493E+02    0.57936E-06   -0.54963E-07   640   0.422E-03
Er_2-Er_2:Er_2-Er_2DAV:   5     0.171346690403E+03    0.28348E-06   -0.15224E-07   584   0.266E-03
H1.5:DAV:   5    -0.189085118708E+02   -0.16067E-06   -0.11552E-09   648   0.230E-04
H1.5-H1.5:DAV:   4    -0.211323263902E+02   -0.53546E-06   -0.17837E-08   552   0.889E-04
H1.5:H1.5DAV:   7    -0.193357750652E+02   -0.37049E-06   -0.15709E-08   520   0.836E-04
H1.5:-H1.5DAV:   9    -0.193357748943E+02    0.32693E-07   -0.23703E-08   560   0.901E-04
H1.5-H1.5:H1.5DAV:   7    -0.215952480945E+02    0.10168E-06   -0.13332E-07   480   0.269E-03
H1.5-H1.5:H1.5-H1.5DAV:   4    -0.238205843125E+02   -0.39866E-06   -0.46565E-08   448   0.129E-03
Li_sv:DAV:   2    -0.194420835081E+02    0.18474E-07   -0.36390E-08   528   0.535E-04
Li_sv-Li_sv:DAV:   7    -0.146993428663E+02   -0.49993E-06   -0.10058E-07   520   0.230E-03
Li_sv:Li_svDAV:   2    -0.204423837107E+02    0.97789E-08   -0.66353E-08   536   0.114E-03
Li_sv:-Li_svDAV:   2    -0.204423834641E+02    0.52289E-08   -0.64304E-08   584   0.116E-03
Li_sv-Li_sv:Li_svDAV:   7    -0.157052630141E+02    0.49876E-07   -0.67044E-07   480   0.426E-03
Li_sv-Li_sv:Li_sv-Li_svDAV:   4    -0.109566826919E+02    0.49682E-07   -0.13407E-06   464   0.323E-03
Ni:DAV:   6    -0.226577786888E+02   -0.78069E-07   -0.26352E-06   608   0.126E-02
Ni-Ni:DAV:   9     0.337271886312E+01   -0.71047E-06   -0.25575E-08   632   0.108E-03
Ni:NiDAV:   6    -0.268736010795E+02   -0.66770E-06   -0.94089E-08   560   0.324E-03
Ni:-NiDAV:   5    -0.268735967727E+02    0.56859E-06   -0.32540E-07   560   0.616E-03
Ni-Ni:NiDAV:  25    -0.846089232934E+00   -0.60675E-06   -0.39255E-08   568   0.230E-03
Ni-Ni:Ni-NiDAV:   6     0.251872679753E+02   -0.78473E-06   -0.86801E-07   808   0.574E-03
Pm_3:DAV:   5    -0.179270063530E+02    0.49316E-06   -0.47639E-07   520   0.321E-03
Pm_3-Pm_3:DAV:   5    -0.307356477891E+02   -0.41043E-06   -0.58121E-08   736   0.133E-03
Pm_3:Pm_3DAV:  13    -0.174127598836E+02   -0.97177E-06   -0.32527E-07   696   0.185E-03
Pm_3:-Pm_3DAV:   7    -0.174127585859E+02    0.26130E-06   -0.12585E-07   680   0.201E-03
Pm_3-Pm_3:Pm_3DAV:   9    -0.302235673934E+02    0.42099E-06   -0.59428E-07   528   0.403E-03
Pm_3-Pm_3:Pm_3-Pm_3DAV:  14    -0.430271236632E+02    0.22942E-06   -0.87639E-07   712   0.251E-03
S_h:DAV:   5    -0.215046167446E+02   -0.35007E-06   -0.33272E-08   536   0.126E-03
S_h-S_h:DAV:   4     0.931018954439E+01   -0.29720E-06   -0.99487E-08   480   0.205E-03
S_h:S_hDAV:  12    -0.245666344886E+02   -0.46965E-07   -0.12040E-07   448   0.258E-03
S_h:-S_hDAV:  10    -0.245666344619E+02   -0.70831E-07   -0.35026E-08   448   0.142E-03
S_h-S_h:S_hDAV:  15     0.623295133676E+01   -0.12534E-06   -0.71540E-08   752   0.152E-03
S_h-S_h:S_h-S_hDAV:   4     0.370607283344E+02    0.33489E-06   -0.49741E-07   728   0.399E-03
Tl:DAV:  11    -0.168318326310E+02    0.41445E-06   -0.60069E-08   616   0.119E-03
Tl-Tl:DAV:   5     0.280542548251E+02    0.92022E-06   -0.70257E-06   736   0.118E-02
Tl:TlDAV:   6    -0.152222861938E+02    0.53028E-06   -0.16915E-07   496   0.268E-03
Tl:-TlDAV:   6    -0.152222865444E+02    0.82438E-06   -0.18589E-07   504   0.287E-03
Tl-Tl:TlDAV:  15     0.296627110057E+02   -0.11029E-06   -0.14600E-07   488   0.218E-03
Tl-Tl:Tl-TlDAV:   6     0.745486900321E+02    0.53075E-06   -0.21688E-06   496   0.659E-03
Ca_pv:DAV:   7    -0.159076762669E+02   -0.35447E-06   -0.11378E-07   528   0.326E-03
Ca_pv-Ca_pv:DAV:  11     0.946640336809E+01   -0.37070E-07   -0.80565E-08   432   0.307E-03
Ca_pv:Ca_pvDAV:   5    -0.133740971695E+02    0.15843E-06   -0.28183E-07   328   0.475E-03
Ca_pv:-Ca_pvDAV:   7    -0.133740969017E+02   -0.25721E-07   -0.15147E-07   296   0.470E-03
Ca_pv-Ca_pv:Ca_pvDAV:   6     0.119996357620E+02    0.16850E-06   -0.52520E-07   744   0.498E-03
Ca_pv-Ca_pv:Ca_pv-Ca_pvDAV:  71     0.373746566153E+02    0.97544E-06   -0.90158E-08   480   0.224E-03
Er_3:DAV:  20    -0.183546318027E+02    0.49430E-06   -0.16301E-08   568   0.199E-03
Er_3-Er_3:DAV:  32     0.112953540230E+03   -0.31182E-06   -0.33192E-08   848   0.268E-03
Er_3:Er_3DAV:   8    -0.182672944743E+02    0.11371E-06   -0.30216E-07   792   0.851E-03
Er_3:-Er_3DAV:   6    -0.182672947249E+02   -0.69864E-06   -0.26301E-06   792   0.121E-02
Er_3-Er_3:Er_3DAV:   5     0.113041638436E+03    0.49106E-06   -0.66419E-06   976   0.234E-02
Er_3-Er_3:Er_3-Er_3DAV:   9     0.244350858372E+03    0.35547E-06   -0.10068E-06  1040   0.151E-02
H.5:DAV:   3    -0.195206657072E+02    0.32816E-06   -0.26917E-07   320   0.339E-03
H.5-H.5:DAV:   2    -0.214366771746E+02    0.26209E-06   -0.11970E-07   360   0.201E-03
H.5:H.5DAV:  12    -0.206000229786E+02   -0.64476E-06   -0.39546E-08   256   0.161E-03
H.5:-H.5DAV:  10    -0.206000229362E+02    0.36523E-06   -0.65226E-08   256   0.117E-03
H.5-H.5:H.5DAV:   8    -0.225161153233E+02    0.82002E-07   -0.52388E-08   568   0.955E-04
H.5-H.5:H.5-H.5DAV:   5    -0.244320966719E+02    0.88949E-06   -0.22198E-06   576   0.577E-03
Lu:       N       E                     dE             d eps       ncg     rms          rms(c)
Lu-Lu:       N       E                     dE             d eps       ncg     rms          rms(c)
Lu:LuDAV:   2    -0.184611672039E+02    0.90349E-06   -0.37191E-06   968   0.255E-02
Lu:-LuDAV:   4    -0.184611779501E+02    0.16578E-07   -0.40452E-07   904   0.152E-02
Lu-Lu:LuDAV:  28     0.248129803053E+03   -0.44935E-06   -0.12665E-07  1376   0.788E-03
Lu-Lu:Lu-LuDAV:  13     0.514720831919E+03   -0.70093E-07   -0.26819E-07  1416   0.143E-02
Ni_pv:DAV:   7    -0.228559727183E+02   -0.80126E-06   -0.62087E-08   456   0.281E-03
Ni_pv-Ni_pv:DAV:   2     0.937185029590E+01    0.17571E-07   -0.81542E-07   552   0.121E-02
Ni_pv:Ni_pvDAV:   7    -0.272699971453E+02   -0.16829E-07   -0.10197E-07   520   0.328E-03
Ni_pv:-Ni_pvDAV:  15    -0.272699849051E+02   -0.54384E-06   -0.32722E-07   616   0.416E-03
Ni_pv-Ni_pv:Ni_pvDAV:  26     0.495548498239E+01   -0.31205E-06   -0.84065E-09   912   0.114E-03
Ni_pv-Ni_pv:Ni_pv-Ni_pvDAV:   2     0.371863067447E+02   -0.68478E-07   -0.36461E-07   960   0.722E-03
Pr:DAV:   4    -0.226018170795E+02    0.24723E-06   -0.18531E-06   408   0.703E-03
Pr-Pr:DAV:   7     0.192053518784E+03    0.44356E-06   -0.56140E-07   624   0.101E-02
Pr:PrDAV:   4    -0.267620554775E+02    0.74987E-06   -0.53333E-06   888   0.154E-02
Pr:-PrDAV:   4    -0.267620562106E+02    0.20367E-06   -0.25943E-06   760   0.103E-02
Pr-Pr:PrDAV:  12     0.187892985343E+03   -0.80329E-06   -0.81613E-07   968   0.755E-03
Pr-Pr:Pr-PrDAV:  38     0.402548066809E+03    0.85505E-06   -0.21833E-07   688   0.401E-03
Si:DAV:  11    -0.228679847886E+02   -0.85818E-06   -0.35920E-07   560   0.223E-03
Si-Si:DAV: 100    -0.138158771817E+04    0.81452E+02   -0.76123E-02   680   0.197E+00
Si:SiDAV:   3    -0.272943130334E+02    0.32873E-06   -0.13226E-07   488   0.192E-03
Si:-SiDAV:   3    -0.272943129573E+02    0.33215E-06   -0.13038E-07   496   0.194E-03
Si-Si:SiDAV:   7     0.134242013026E+02   -0.63415E-06   -0.80612E-06   688   0.110E-02
Si-Si:Si-SiDAV:  64     0.541476855177E+02    0.14931E-06   -0.37049E-08   384   0.136E-03
Tl_d:DAV:   4    -0.161053436485E+02    0.11784E-06   -0.54405E-07   528   0.428E-03
Tl_d-Tl_d:DAV:  15     0.165559724037E+03    0.57661E-06   -0.20727E-08   656   0.580E-04
Tl_d:Tl_dDAV:   4    -0.137681993169E+02    0.98263E-06   -0.18050E-06   656   0.806E-03
Tl_d:-Tl_dDAV:   7    -0.137681938132E+02   -0.33284E-07   -0.10089E-07   568   0.176E-03
Tl_d-Tl_d:Tl_dDAV:   8     0.167897671115E+03    0.39302E-06   -0.58911E-07   888   0.386E-03
Tl_d-Tl_d:Tl_d-Tl_dDAV:   8     0.349564529011E+03   -0.38402E-06   -0.10925E-07   920   0.128E-03
